[0m[2J[1;1H  [38;2;15;14;22m[48;2;20;15;24mﬂ[38;2;20;15;23m[48;2;27;13;22mﬂ[38;2;29;15;24m[48;2;47;16;28mﬂ[38;2;37;15;27m[48;2;84;17;34mﬂ[38;2;45;16;28m[48;2;111;17;39mﬂ[38;2;50;16;30m[48;2;114;16;39mﬂ[38;2;51;17;30m[48;2;115;17;41mﬂ[38;2;51;16;30m[48;2;117;18;42mﬂ[38;2;50;18;32m[48;2;116;17;41mﬂ[38;2;45;16;30m[48;2;103;17;39mﬂ[38;2;43;21;33m[48;2;68;17;33mﬂ[38;2;36;20;31m[48;2;61;18;32mﬂ[38;2;36;23;33m[48;2;62;23;37mﬂ[38;2;35;24;34m[48;2;61;22;34mﬂ[38;2;36;25;35m[48;2;56;20;32mﬂ[38;2;30;20;29m[48;2;56;22;34mﬂ[38;2;33;22;33m[48;2;55;22;35mﬂ[38;2;35;25;35m[48;2;55;23;36mﬂ[38;2;33;24;34m[48;2;54;22;35mﬂ[38;2;36;27;36m[48;2;56;25;38mﬂ[38;2;37;30;39m[48;2;57;28;41mﬂ[38;2;37;30;40m[48;2;56;27;42mﬂ[38;2;37;30;40m[48;2;59;29;43mﬂ[38;2;37;30;39m[48;2;57;26;39mﬂ[38;2;30;21;30m[48;2;51;16;28mﬂ[38;2;33;25;34m[48;2;56;24;37mﬂ[38;2;38;32;40m[48;2;58;27;40mﬂ[38;2;37;29;38m[48;2;59;27;39mﬂ[38;2;40;31;41m[48;2;59;21;35mﬂ[38;2;45;30;42m[48;2;69;23;39mﬂ[38;2;51;26;39m[48;2;80;22;39mﬂ[38;2;60;24;38m[48;2;150;48;53mﬂ[38;2;72;24;41m[48;2;214;98;69mﬂ[38;2;78;25;43m[48;2;215;98;69mﬂ[38;2;81;23;41m[48;2;215;98;68mﬂ[38;2;81;23;41m[48;2;217;98;68mﬂ[38;2;82;24;42m[48;2;216;98;68mﬂ[38;2;81;23;41m[48;2;215;98;67mﬂ[38;2;82;25;43m[48;2;215;97;67mﬂ[38;2;83;25;42m[48;2;216;97;67mﬂ[38;2;82;22;40m[48;2;216;99;68mﬂ[38;2;81;24;41m[48;2;214;98;67mﬂ[38;2;79;24;42m[48;2;214;98;67mﬂ[38;2;73;24;40m[48;2;214;98;68mﬂ[38;2;56;15;28m[48;2;176;65;57mﬂ[38;2;52;23;37m[48;2;85;20;37mﬂ[38;2;43;23;35m[48;2;67;21;36mﬂ[38;2;39;25;35m[48;2;63;22;36mﬂ[38;2;36;26;35m[48;2;59;23;36mﬂ[38;2;34;25;35m[48;2;58;25;38mﬂ[38;2;37;28;37m[48;2;60;27;40mﬂ[38;2;39;29;40m[48;2;58;25;40mﬂ[38;2;36;26;36m[48;2;58;24;38mﬂ[38;2;37;27;37m[48;2;56;23;38mﬂ[38;2;36;26;36m[48;2;53;20;34mﬂ[38;2;34;23;33m[48;2;55;21;35mﬂ[38;2;35;23;34m[48;2;57;23;37mﬂ[38;2;30;19;29m[48;2;53;18;31mﬂ[38;2;29;17;26m[48;2;55;20;34mﬂ[38;2;33;20;30m[48;2;53;18;31mﬂ[38;2;31;17;28m[48;2;51;14;28mﬂ[38;2;33;18;29m[48;2;56;19;32mﬂ[38;2;33;18;28m[48;2;59;21;34mﬂ[38;2;32;16;26m[48;2;59;19;32mﬂ[38;2;37;19;30m[48;2;59;16;29mﬂ[38;2;39;18;30m[48;2;64;15;30mﬂ[38;2;43;17;29m[48;2;96;16;37mﬂ[38;2;48;17;30m[48;2;115;16;40mﬂ[38;2;49;15;29m[48;2;118;17;40mﬂ[38;2;50;14;29m[48;2;114;15;39mﬂ[38;2;46;11;26m[48;2;114;16;39mﬂ[38;2;44;13;26m[48;2;111;16;37mﬂ[38;2;36;13;24m[48;2;90;15;32mﬂ[38;2;28;14;23m[48;2;45;12;24mﬂ[38;2;20;14;23m[48;2;28;12;22mﬂ[38;2;13;13;20m[48;2;16;12;19mﬂ[0m
  [38;2;24;17;25m[48;2;29;17;26mﬂ[38;2;40;16;27m[48;2;52;17;28mﬂ[38;2;92;19;35m[48;2;144;26;46mﬂ[38;2;177;89;65m[48;2;134;88;51mﬂ[38;2;151;91;58m[48;2;147;120;70mﬂ[38;2;151;90;57m[48;2;123;92;58mﬂ[38;2;150;89;57m[48;2;131;88;57mﬂ[38;2;149;89;56m[48;2;123;96;54mﬂ[38;2;152;93;57m[48;2;160;129;66mﬂ[38;2;184;115;71m[48;2;16;7;6mﬂ[38;2;165;41;50m[48;2;129;97;50mﬂ[38;2;146;22;47m[48;2;128;90;51mﬂ[38;2;143;22;46m[48;2;127;90;50mﬂ[38;2;142;24;46m[48;2;126;89;49mﬂ[38;2;140;23;46m[48;2;126;89;50mﬂ[38;2;141;25;47m[48;2;126;89;51mﬂ[38;2;140;26;48m[48;2;127;90;51mﬂ[38;2;137;26;47m[48;2;127;90;52mﬂ[38;2;135;26;46m[48;2;127;91;52mﬂ[38;2;136;27;48m[48;2;127;91;53mﬂ[38;2;135;27;47m[48;2;126;90;53mﬂ[38;2;136;27;48m[48;2;127;91;53mﬂ[38;2;138;27;48m[48;2;128;91;53mﬂ[38;2;136;25;45m[48;2;127;93;53mﬂ[38;2;136;23;44m[48;2;128;93;53mﬂ[38;2;139;27;49m[48;2;127;94;54mﬂ[38;2;138;27;48m[48;2;128;95;53mﬂ[38;2;139;28;49m[48;2;127;94;52mﬂ[38;2;144;27;49m[48;2;128;95;53mﬂ[38;2;146;26;47m[48;2;129;96;53mﬂ[38;2;167;41;47m[48;2;125;98;51mﬂ[38;2;157;114;55m[48;2;27;22;22mﬂ[38;2;30;25;19m[48;2;57;40;31mﬂ[38;2;34;25;20m[48;2;185;145;75mﬂ[38;2;35;24;19m[48;2;197;166;79mﬂ[38;2;33;24;18m[48;2;181;144;77mﬂ[38;2;31;24;19m[48;2;108;74;40mﬂ[38;2;31;24;19m[48;2;148;116;65mﬂ[38;2;30;24;19m[48;2;39;20;22mﬂ[38;2;34;25;19m[48;2;200;167;87mﬂ[38;2;33;25;19m[48;2;95;61;36mﬂ[38;2;34;25;20m[48;2;196;161;72mﬂ[38;2;34;25;18m[48;2;178;133;65mﬂ[38;2;31;25;19m[48;2;87;67;47mﬂ[38;2;114;91;44m[48;2;0;0;0mﬂ[38;2;177;58;55m[48;2;130;103;56mﬂ[38;2;147;25;47m[48;2;130;95;54mﬂ[38;2;145;27;48m[48;2;128;95;53mﬂ[38;2;140;25;46m[48;2;129;95;54mﬂ[38;2;139;27;48m[48;2;129;94;54mﬂ[38;2;138;25;46m[48;2;129;93;53mﬂ[38;2;140;27;48m[48;2;129;93;52mﬂ[38;2;136;24;46m[48;2;127;92;52mﬂ[38;2;138;24;45m[48;2;127;92;52mﬂ[38;2;137;25;47m[48;2;127;91;52mﬂ[38;2;135;24;45m[48;2;126;90;51mﬂ[38;2;136;24;45m[48;2;127;90;52mﬂ[38;2;139;25;47m[48;2;127;91;52mﬂ[38;2;139;24;45m[48;2;127;91;52mﬂ[38;2;138;22;44m[48;2;126;89;52mﬂ[38;2;140;22;44m[48;2;126;89;52mﬂ[38;2;141;22;44m[48;2;126;90;51mﬂ[38;2;143;21;45m[48;2;126;91;51mﬂ[38;2;144;21;44m[48;2;126;91;51mﬂ[38;2;146;22;45m[48;2;128;93;51mﬂ[38;2;156;30;45m[48;2;130;96;49mﬂ[38;2;198;114;70m[48;2;40;30;17mﬂ[38;2;153;92;58m[48;2;139;112;58mﬂ[38;2;149;89;57m[48;2;146;118;60mﬂ[38;2;148;87;55m[48;2;123;89;53mﬂ[38;2;152;89;55m[48;2;128;89;56mﬂ[38;2;153;91;55m[48;2;128;98;57mﬂ[38;2;171;95;61m[48;2;126;102;55mﬂ[38;2;103;20;34m[48;2;153;23;39mﬂ[38;2;40;12;24m[48;2;54;13;26mﬂ[38;2;23;13;21m[48;2;28;13;23mﬂ[0m
  [38;2;33;18;29m[48;2;35;20;31mﬂ[38;2;58;18;31m[48;2;59;17;30mﬂ[38;2;152;27;46m[48;2;152;26;45mﬂ[38;2;133;86;50m[48;2;137;88;53mﬂ[38;2;123;66;48m[48;2;135;77;50mﬂ[38;2;219;69;77m[48;2;143;18;46mﬂ[38;2;235;60;84m[48;2;148;9;48mﬂ[38;2;109;34;25m[48;2;120;44;31mﬂ[38;2;86;51;27m[48;2;179;115;54mﬂ[38;2;177;124;54m[48;2;60;35;19mﬂ[38;2;134;85;41m[48;2;27;2;17mﬂ[38;2;103;64;39m[48;2;56;3;26mﬂ[38;2;103;63;38m[48;2;56;3;26mﬂ[38;2;103;63;38m[48;2;57;3;26mﬂ[38;2;104;64;38m[48;2;57;3;25mﬂ[38;2;105;64;39m[48;2;59;3;25mﬂ[38;2;105;64;39m[48;2;60;3;26mﬂ[38;2;105;64;40m[48;2;60;3;26mﬂ[38;2;109;64;39m[48;2;76;5;27mﬂ[38;2;113;64;39m[48;2;93;6;30mﬂ[38;2;114;65;40m[48;2;93;5;29mﬂ[38;2;117;68;39m[48;2;103;18;27mﬂ[38;2;117;71;40m[48;2;102;22;25mﬂ[38;2;119;75;41m[48;2;104;26;22mﬂ[38;2;116;80;36m[48;2;107;58;20mﬂ[38;2;117;81;38m[48;2;107;57;21mﬂ[38;2;117;84;39m[48;2;108;73;30mﬂ[38;2;118;83;39m[48;2;106;57;21mﬂ[38;2;117;86;38m[48;2;110;75;25mﬂ[38;2;118;89;41m[48;2;108;81;32mﬂ[38;2;117;95;46m[48;2;115;98;49mﬂ[38;2;29;22;21m[48;2;88;54;33mﬂ[38;2;18;7;17m[48;2;0;0;0mﬂ[38;2;29;6;12m[48;2;0;0;0mﬂ[38;2;218;184;83m[48;2;213;141;49mﬂ[38;2;25;10;14m[48;2;6;0;14mﬂ[38;2;91;70;36m[48;2;83;54;27mﬂ[38;2;195;164;76m[48;2;184;119;40mﬂ[38;2;104;78;40m[48;2;103;58;27mﬂ[38;2;242;211;97m[48;2;234;161;54mﬂ[38;2;75;51;24m[48;2;70;42;18mﬂ[38;2;220;187;77m[48;2;209;133;40mﬂ[38;2;96;64;34m[48;2;85;48;26mﬂ[38;2;26;8;18m[48;2;0;0;0mﬂ[38;2;0;0;0m[48;2;60;32;22mﬂ[38;2;115;92;46m[48;2;112;94;50mﬂ[38;2;114;88;40m[48;2;108;84;36mﬂ[38;2;118;88;40m[48;2;110;72;21mﬂ[38;2;117;86;40m[48;2;110;63;21mﬂ[38;2;116;85;40m[48;2;109;71;28mﬂ[38;2;117;82;38m[48;2;102;52;20mﬂ[38;2;115;82;37m[48;2;102;55;20mﬂ[38;2;117;77;41m[48;2;104;34;23mﬂ[38;2;120;76;42m[48;2;105;25;26mﬂ[38;2;119;75;43m[48;2;108;25;27mﬂ[38;2;117;70;43m[48;2;94;6;27mﬂ[38;2;114;67;41m[48;2;90;6;28mﬂ[38;2;112;66;41m[48;2;80;5;28mﬂ[38;2;106;65;40m[48;2;59;2;25mﬂ[38;2;105;65;39m[48;2;59;3;26mﬂ[38;2;106;65;40m[48;2;58;3;25mﬂ[38;2;105;65;39m[48;2;57;3;25mﬂ[38;2;105;65;40m[48;2;57;3;26mﬂ[38;2;105;65;39m[48;2;57;3;26mﬂ[38;2;106;66;40m[48;2;59;3;26mﬂ[38;2;123;76;40m[48;2;40;3;20mﬂ[38;2;186;134;55m[48;2;38;21;13mﬂ[38;2;80;49;22m[48;2;174;102;42mﬂ[38;2;119;63;34m[48;2;124;66;35mﬂ[38;2;232;99;87m[48;2;155;21;50mﬂ[38;2;219;24;60m[48;2;131;9;44mﬂ[38;2;99;27;35m[48;2;128;49;39mﬂ[38;2;124;96;50m[48;2;128;98;53mﬂ[38;2;158;24;41m[48;2;160;23;41mﬂ[38;2;62;15;29m[48;2;62;14;29mﬂ[38;2;33;15;24m[48;2;36;16;27mﬂ[0m
  [38;2;36;19;30m[48;2;37;19;31mﬂ[38;2;61;16;31m[48;2;64;18;33mﬂ[38;2;151;25;45m[48;2;152;25;44mﬂ[38;2;140;89;55m[48;2;136;90;54mﬂ[38;2;133;92;57m[48;2;28;13;19mﬂ[38;2;97;55;46m[48;2;60;39;27mﬂ[38;2;90;53;45m[48;2;61;40;29mﬂ[38;2;103;62;41m[48;2;63;39;28mﬂ[38;2;91;55;32m[48;2;65;40;33mﬂ[38;2;86;52;33m[48;2;63;40;33mﬂ[38;2;84;51;31m[48;2;53;32;28mﬂ[38;2;86;54;33m[48;2;51;28;26mﬂ[38;2;88;54;33m[48;2;62;39;30mﬂ[38;2;88;55;34m[48;2;61;39;32mﬂ[38;2;87;55;34m[48;2;31;16;22mﬂ[38;2;86;54;34m[48;2;0;0;0mﬂ[38;2;87;54;34m[48;2;51;28;25mﬂ[38;2;89;55;35m[48;2;62;38;29mﬂ[38;2;90;56;35m[48;2;43;23;25mﬂ[38;2;91;56;35m[48;2;3;0;14mﬂ[38;2;90;57;34m[48;2;44;26;25mﬂ[38;2;90;56;34m[48;2;61;39;30mﬂ[38;2;89;56;34m[48;2;50;26;24mﬂ[38;2;89;56;33m[48;2;63;39;33mﬂ[38;2;91;56;34m[48;2;63;39;33mﬂ[38;2;93;58;33m[48;2;63;38;32mﬂ[38;2;93;58;33m[48;2;57;32;30mﬂ[38;2;93;58;32m[48;2;47;24;25mﬂ[38;2;91;57;33m[48;2;60;39;32mﬂ[38;2;91;57;33m[48;2;16;6;17mﬂ[38;2;95;59;33m[48;2;29;15;20mﬂ[38;2;21;13;19m[48;2;64;39;32mﬂ[38;2;0;0;0m[48;2;56;29;29mﬂ[38;2;29;12;15m[48;2;65;38;31mﬂ[38;2;199;117;39m[48;2;68;38;29mﬂ[38;2;10;1;14m[48;2;68;39;33mﬂ[38;2;86;52;26m[48;2;70;40;33mﬂ[38;2;146;88;34m[48;2;59;28;26mﬂ[38;2;31;15;12m[48;2;65;38;29mﬂ[38;2;210;130;45m[48;2;62;37;27mﬂ[38;2;83;46;21m[48;2;30;9;19mﬂ[38;2;200;117;35m[48;2;68;40;31mﬂ[38;2;165;102;43m[48;2;62;36;28mﬂ[38;2;87;53;32m[48;2;50;25;23mﬂ[38;2;0;0;0m[48;2;64;39;32mﬂ[38;2;92;60;35m[48;2;65;40;33mﬂ[38;2;91;57;32m[48;2;50;25;26mﬂ[38;2;91;57;33m[48;2;10;0;15mﬂ[38;2;90;56;32m[48;2;31;17;21mﬂ[38;2;89;55;32m[48;2;62;40;33mﬂ[38;2;90;55;33m[48;2;63;40;33mﬂﬂ[38;2;89;54;32m[48;2;53;33;31mﬂ[38;2;87;52;33m[48;2;6;0;14mﬂ[38;2;88;53;33m[48;2;0;0;0mﬂ[38;2;90;54;33m[48;2;46;28;26mﬂ[38;2;91;55;34m[48;2;64;40;33mﬂ[38;2;90;55;34m[48;2;64;40;33mﬂ[38;2;89;55;34m[48;2;60;39;32mﬂ[38;2;87;54;34m[48;2;21;7;18mﬂ[38;2;88;54;35m[48;2;0;0;0mﬂ[38;2;87;54;34m[48;2;54;34;27mﬂ[38;2;88;55;35m[48;2;62;39;32mﬂ[38;2;89;55;35m[48;2;60;38;32mﬂ[38;2;87;54;34m[48;2;56;39;32mﬂ[38;2;83;52;32m[48;2;14;3;15mﬂ[38;2;84;51;32m[48;2;0;0;0mﬂ[38;2;76;43;25m[48;2;0;0;0mﬂ[38;2;126;80;47m[48;2;0;0;0mﬂ[38;2;92;54;46m[48;2;62;40;30mﬂ[38;2;98;56;48m[48;2;64;39;31mﬂ[38;2;113;68;46m[48;2;17;2;11mﬂ[38;2;127;97;54m[48;2;89;75;44mﬂ[38;2;158;22;40m[48;2;172;33;43mﬂ[38;2;67;13;29m[48;2;86;14;32mﬂ[38;2;40;16;28m[48;2;49;14;29mﬂ[0m
  [38;2;36;19;30m[48;2;35;20;31mﬂ[38;2;63;16;30m[48;2;60;17;31mﬂ[38;2;154;26;45m[48;2;139;24;43mﬂ[38;2;134;91;51m[48;2;172;114;64mﬂ[38;2;47;22;24m[48;2;8;0;15mﬂ[38;2;232;140;76m[48;2;140;65;41mﬂ[38;2;247;95;75m[48;2;225;100;63mﬂ[38;2;245;88;71m[48;2;248;28;55mﬂ[38;2;246;87;70m[48;2;242;63;61mﬂ[38;2;247;91;74m[48;2;249;12;50mﬂ[38;2;203;133;76m[48;2;156;92;58mﬂ[38;2;185;109;54m[48;2;140;72;40mﬂ[38;2;244;86;67m[48;2;244;14;47mﬂ[38;2;246;89;73m[48;2;237;105;70mﬂ[38;2;210;107;68m[48;2;247;42;58mﬂ[38;2;90;47;35m[48;2;216;95;62mﬂ[38;2;172;107;57m[48;2;138;80;45mﬂ[38;2;241;95;63m[48;2;238;28;45mﬂ[38;2;154;108;60m[48;2;144;92;57mﬂ[38;2;10;0;14m[48;2;0;0;0mﬂ[38;2;160;106;62m[48;2;147;84;52mﬂ[38;2;240;99;66m[48;2;241;54;54mﬂ[38;2;178;122;59m[48;2;147;87;51mﬂ[38;2;243;114;74m[48;2;238;54;56mﬂ[38;2;245;85;68m[48;2;202;119;72mﬂ[38;2;245;86;67m[48;2;158;83;53mﬂ[38;2;210;121;68m[48;2;184;118;61mﬂ[38;2;160;104;54m[48;2;146;87;51mﬂ[38;2;242;103;72m[48;2;248;11;49mﬂ[38;2;98;61;42m[48;2;195;100;63mﬂ[38;2;100;61;40m[48;2;94;40;34mﬂ[38;2;242;122;72m[48;2;240;76;61mﬂ[38;2;185;122;62m[48;2;154;86;47mﬂ[38;2;247;135;78m[48;2;197;121;68mﬂ[38;2;245;82;66m[48;2;213;106;70mﬂ[38;2;245;82;67m[48;2;244;99;74mﬂ[38;2;243;88;63m[48;2;165;90;57mﬂ[38;2;185;121;61m[48;2;147;81;38mﬂ[38;2;242;133;74m[48;2;242;89;69mﬂ[38;2;211;137;69m[48;2;180;95;57mﬂ[38;2;71;22;24m[48;2;37;2;12mﬂ[38;2;233;135;73m[48;2;217;88;58mﬂ[38;2;204;121;63m[48;2;175;77;52mﬂ[38;2;174;106;53m[48;2;160;89;54mﬂ[38;2;243;84;68m[48;2;241;46;60mﬂ[38;2;238;92;67m[48;2;176;113;66mﬂ[38;2;233;100;71m[48;2;224;94;65mﬂ[38;2;120;67;39m[48;2;233;82;60mﬂ[38;2;119;75;46m[48;2;114;61;38mﬂ[38;2;242;106;76m[48;2;240;50;59mﬂ[38;2;245;87;69m[48;2;202;119;67mﬂ[38;2;246;87;68m[48;2;157;85;52mﬂ[38;2;206;128;74m[48;2;183;118;57mﬂ[38;2;20;1;14m[48;2;22;1;15mﬂ[38;2;0;0;0m[48;2;0;0;0mﬂ[38;2;172;114;65m[48;2;128;90;58mﬂ[38;2;243;95;73m[48;2;248;38;57mﬂ[38;2;245;87;71m[48;2;211;109;64mﬂ[38;2;244;93;73m[48;2;224;100;70mﬂ[38;2;185;105;64m[48;2;240;31;51mﬂ[38;2;42;10;18m[48;2;136;83;52mﬂ[38;2;205;133;74m[48;2;167;98;59mﬂ[38;2;245;88;71m[48;2;246;6;48mﬂ[38;2;245;83;69m[48;2;236;98;68mﬂ[38;2;245;101;76m[48;2;238;68;61mﬂ[38;2;154;94;56m[48;2;239;35;51mﬂ[38;2;22;3;17m[48;2;133;89;51mﬂ[38;2;16;1;12m[48;2;121;73;45mﬂ[38;2;126;79;46m[48;2;241;54;58mﬂ[38;2;244;108;80m[48;2;243;61;60mﬂ[38;2;244;104;77m[48;2;243;52;59mﬂ[38;2;133;73;39m[48;2;244;41;59mﬂ[38;2;0;0;0m[48;2;144;92;56mﬂ[38;2;154;95;62m[48;2;14;2;9mﬂ[38;2;143;32;42m[48;2;181;80;54mﬂ[38;2;62;15;30m[48;2;70;15;30mﬂ[0m
  [38;2;35;25;35m[48;2;34;24;34mﬂ[38;2;57;23;36m[48;2;54;21;34mﬂ[38;2;95;20;36m[48;2;96;22;39mﬂ[38;2;203;99;65m[48;2;196;92;60mﬂ[38;2;70;49;35m[48;2;100;66;33mﬂ[38;2;21;1;15m[48;2;41;13;15mﬂ[38;2;167;81;49m[48;2;237;97;74mﬂ[38;2;245;36;57m[48;2;229;84;64mﬂ[38;2;226;146;80m[48;2;182;105;61mﬂ[38;2;244;12;48m[48;2;244;11;48mﬂ[38;2;147;89;56m[48;2;148;88;55mﬂ[38;2;133;74;42m[48;2;132;73;41mﬂ[38;2;242;15;45m[48;2;241;13;44mﬂ[38;2;150;83;47m[48;2;140;83;46mﬂ[38;2;193;102;67m[48;2;121;70;40mﬂ[38;2;245;39;56m[48;2;244;52;55mﬂ[38;2;156;92;48m[48;2;145;76;44mﬂ[38;2;242;60;61m[48;2;231;85;65mﬂ[38;2;184;91;62m[48;2;218;92;66mﬂ[38;2;17;0;11m[48;2;41;2;14mﬂ[38;2;191;76;52m[48;2;228;81;54mﬂ[38;2;228;67;54m[48;2;200;80;51mﬂ[38;2;114;59;40m[48;2;99;48;37mﬂ[38;2;238;59;55m[48;2;237;57;55mﬂ[38;2;158;92;59m[48;2;206;110;69mﬂ[38;2;18;0;12m[48;2;181;121;67mﬂ[38;2;35;1;16m[48;2;39;7;13mﬂ[38;2;134;85;50m[48;2;128;86;51mﬂ[38;2;245;13;48m[48;2;245;89;67mﬂ[38;2;245;63;63m[48;2;237;71;62mﬂ[38;2;154;99;50m[48;2;225;134;72mﬂ[38;2;239;76;62m[48;2;236;78;61mﬂ[38;2;100;56;35m[48;2;88;56;33mﬂ[38;2;24;0;16m[48;2;9;1;15mﬂ[38;2;173;80;54m[48;2;171;79;53mﬂ[38;2;243;102;75m[48;2;243;101;73mﬂ[38;2;40;7;13m[48;2;32;7;13mﬂ[38;2;39;1;14m[48;2;26;1;14mﬂ[38;2;243;92;69m[48;2;242;91;68mﬂ[38;2;177;92;52m[48;2;178;91;51mﬂ[38;2;35;2;12m[48;2;34;2;13mﬂ[38;2;216;89;58m[48;2;216;88;56mﬂ[38;2;175;77;49m[48;2;177;78;47mﬂ[38;2;161;92;55m[48;2;162;92;55mﬂ[38;2;240;52;60m[48;2;239;34;56mﬂ[38;2;90;48;35m[48;2;218;96;67mﬂ[38;2;185;91;57m[48;2;240;60;56mﬂ[38;2;244;77;62m[48;2;200;93;55mﬂ[38;2;116;63;36m[48;2;99;50;36mﬂ[38;2;239;50;59m[48;2;240;50;59mﬂ[38;2;150;85;49m[48;2;208;112;65mﬂ[38;2;16;0;14m[48;2;183;122;69mﬂ[38;2;21;1;15m[48;2;30;11;14mﬂ[38;2;0;0;0m[48;2;0;0;0mﬂﬂ[38;2;126;92;56m[48;2;126;92;57mﬂ[38;2;249;42;57m[48;2;250;41;58mﬂ[38;2;164;92;57m[48;2;173;99;57mﬂ[38;2;104;59;40m[48;2;154;90;52mﬂ[38;2;246;49;63m[48;2;242;37;55mﬂ[38;2;155;87;53m[48;2;153;93;53mﬂ[38;2;162;98;58m[48;2;162;98;57mﬂ[38;2;245;10;48m[48;2;244;11;47mﬂ[38;2;157;95;57m[48;2;152;99;59mﬂ[38;2;139;75;45m[48;2;101;61;35mﬂ[38;2;245;35;57m[48;2;246;49;62mﬂ[38;2;176;90;54m[48;2;176;94;56mﬂ[38;2;203;103;68m[48;2;205;92;61mﬂ[38;2;250;23;55m[48;2;250;33;56mﬂ[38;2;135;76;44m[48;2;86;59;31mﬂ[38;2;138;63;45m[48;2;67;30;27mﬂ[38;2;245;52;64m[48;2;237;146;74mﬂ[38;2;216;111;67m[48;2;88;38;27mﬂ[38;2;17;2;7m[48;2;27;22;16mﬂ[38;2;179;79;52m[48;2;187;80;59mﬂ[38;2;72;13;30m[48;2;73;14;28mﬂ[0m
  [38;2;35;26;35m[48;2;36;22;33mﬂ[38;2;56;21;36m[48;2;59;21;35mﬂ[38;2;96;21;39m[48;2;102;20;38mﬂ[38;2;191;88;55m[48;2;196;93;58mﬂ[38;2;18;10;11m[48;2;0;0;0mﬂ[38;2;116;76;55m[48;2;159;81;51mﬂ[38;2;247;41;57m[48;2;248;23;52mﬂ[38;2;198;99;61m[48;2;146;84;49mﬂ[38;2;169;97;57m[48;2;167;99;54mﬂ[38;2;245;10;50m[48;2;232;12;45mﬂ[38;2;149;89;57m[48;2;148;87;53mﬂ[38;2;132;72;40m[48;2;133;73;38mﬂ[38;2;241;13;44m[48;2;218;13;38mﬂ[38;2;137;84;44m[48;2;134;82;37mﬂ[38;2;98;60;32m[48;2;95;59;30mﬂ[38;2;239;51;54m[48;2;209;50;46mﬂ[38;2;140;73;43m[48;2;139;74;42mﬂ[38;2;175;79;51m[48;2;131;70;41mﬂ[38;2;237;74;57m[48;2;188;37;38mﬂ[38;2;130;70;35m[48;2;191;134;60mﬂ[38;2;224;51;51m[48;2;202;60;47mﬂ[38;2;144;72;36m[48;2;92;49;31mﬂ[38;2;85;47;36m[48;2;72;43;30mﬂ[38;2;218;55;51m[48;2;180;48;40mﬂ[38;2;228;82;56m[48;2;155;83;46mﬂ[38;2;227;125;61m[48;2;47;7;17mﬂ[38;2;43;7;11m[48;2;18;1;13mﬂ[38;2;131;87;48m[48;2;128;83;42mﬂ[38;2;226;83;60m[48;2;194;77;51mﬂ[38;2;172;81;40m[48;2;101;33;26mﬂ[38;2;214;41;50m[48;2;178;64;44mﬂ[38;2;201;42;45m[48;2;161;24;39mﬂ[38;2;90;55;32m[48;2;90;53;30mﬂ[38;2;8;0;14m[48;2;8;1;15mﬂ[38;2;161;78;50m[48;2;145;75;41mﬂ[38;2;219;100;64m[48;2;191;93;56mﬂ[38;2;33;7;12m[48;2;35;7;12mﬂ[38;2;27;1;14m[48;2;23;1;12mﬂ[38;2;211;86;54m[48;2;197;81;49mﬂ[38;2;171;91;45m[48;2;167;87;36mﬂ[38;2;34;2;13m[48;2;41;3;13mﬂ[38;2;197;85;48m[48;2;179;81;44mﬂ[38;2;166;77;41m[48;2;145;69;30mﬂ[38;2;157;87;48m[48;2;150;85;43mﬂ[38;2;208;29;43m[48;2;165;29;36mﬂ[38;2;228;126;65m[48;2;135;69;33mﬂ[38;2;214;59;51m[48;2;190;56;44mﬂ[38;2;99;52;35m[48;2;133;68;35mﬂ[38;2;83;46;32m[48;2;87;45;30mﬂ[38;2;209;51;50m[48;2;173;45;43mﬂ[38;2;227;85;48m[48;2;151;78;36mﬂ[38;2;233;122;62m[48;2;51;10;19mﬂ[38;2;39;15;14m[48;2;15;2;14mﬂ[38;2;0;0;0m[48;2;0;0;0mﬂﬂ[38;2;127;90;54m[48;2;127;87;47mﬂ[38;2;232;41;52m[48;2;194;37;46mﬂ[38;2;223;54;51m[48;2;196;113;56mﬂ[38;2;226;39;49m[48;2;192;91;52mﬂ[38;2;228;90;60m[48;2;196;40;49mﬂ[38;2;58;14;16m[48;2;136;80;45mﬂ[38;2;163;101;57m[48;2;163;96;48mﬂ[38;2;243;11;49m[48;2;193;9;42mﬂ[38;2;198;133;69m[48;2;197;15;37mﬂ[38;2;191;107;60m[48;2;219;12;42mﬂ[38;2;239;21;46m[48;2;224;112;64mﬂ[38;2;143;70;39m[48;2;44;5;11mﬂ[38;2;202;94;62m[48;2;144;81;48mﬂ[38;2;250;16;53m[48;2;232;36;54mﬂ[38;2;146;89;49m[48;2;237;74;61mﬂ[38;2;47;14;20m[48;2;103;66;37mﬂ[38;2;105;57;36m[48;2;0;0;0mﬂ[38;2;0;0;0m[48;2;110;93;55mﬂ[38;2;182;115;67m[48;2;178;46;45mﬂ[38;2;140;22;40m[48;2;99;16;34mﬂ[38;2;67;17;31m[48;2;58;15;29mﬂ[0m
  [38;2;41;19;31m[48;2;54;21;34mﬂ[38;2;70;21;37m[48;2;89;17;34mﬂ[38;2;120;19;40m[48;2;174;83;56mﬂ[38;2;193;99;61m[48;2;55;41;30mﬂ[38;2;14;1;13m[48;2;72;38;34mﬂ[38;2;177;81;43m[48;2;179;72;42mﬂ[38;2;235;47;54m[48;2;191;64;54mﬂ[38;2;111;60;38m[48;2;180;82;52mﬂ[38;2;160;91;44m[48;2;172;52;47mﬂ[38;2;204;12;37m[48;2;149;1;37mﬂ[38;2;148;83;42m[48;2;144;80;38mﬂ[38;2;135;74;35m[48;2;135;73;33mﬂ[38;2;167;7;29m[48;2;144;4;28mﬂ[38;2;134;79;35m[48;2;132;75;30mﬂ[38;2;92;55;26m[48;2;126;77;39mﬂ[38;2;173;46;41m[48;2;161;33;40mﬂ[38;2;138;71;40m[48;2;133;71;36mﬂ[38;2;94;45;33m[48;2;48;12;20mﬂ[38;2;174;50;45m[48;2;185;85;54mﬂ[38;2;212;116;61m[48;2;152;5;41mﬂ[38;2;194;86;59m[48;2;151;67;34mﬂ[38;2;41;6;13m[48;2;18;0;15mﬂ[38;2;72;41;30m[48;2;81;43;31mﬂ[38;2;170;43;39m[48;2;176;42;41mﬂ[38;2;145;77;40m[48;2;184;65;44mﬂ[38;2;30;1;15m[48;2;187;73;43mﬂ[38;2;102;64;36m[48;2;193;100;37mﬂ[38;2;138;81;39m[48;2;169;100;46mﬂ[38;2;196;74;49m[48;2;212;107;56mﬂ[38;2;48;4;13m[48;2;66;25;20mﬂ[38;2;149;75;37m[48;2;73;30;22mﬂ[38;2;161;24;37m[48;2;195;93;46mﬂ[38;2;90;51;27m[48;2;84;43;26mﬂ[38;2;5;1;16m[48;2;0;0;0mﬂ[38;2;79;43;29m[48;2;112;92;40mﬂ[38;2;165;87;42m[48;2;118;64;27mﬂ[38;2;33;4;11m[48;2;75;35;25mﬂ[38;2;14;1;14m[48;2;0;0;0mﬂ[38;2;123;60;41m[48;2;116;92;42mﬂ[38;2;180;54;40m[48;2;149;54;35mﬂ[38;2;170;92;48m[48;2;174;50;33mﬂ[38;2;175;38;39m[48;2;165;69;40mﬂ[38;2;147;77;32m[48;2;47;16;20mﬂ[38;2;146;81;38m[48;2;77;63;34mﬂ[38;2;163;31;37m[48;2;130;105;50mﬂ[38;2;106;45;27m[48;2;38;20;12mﬂ[38;2;186;80;47m[48;2;137;71;33mﬂ[38;2;192;81;58m[48;2;211;94;48mﬂ[38;2;104;45;28m[48;2;153;88;38mﬂ[38;2;173;43;42m[48;2;181;55;41mﬂ[38;2;142;74;34m[48;2;176;62;33mﬂ[38;2;17;0;14m[48;2;174;62;36mﬂ[38;2;33;15;15m[48;2;187;104;46mﬂ[38;2;0;0;0m[48;2;31;2;15mﬂ[38;2;0;0;0m[48;2;0;0;0mﬂ[38;2;128;80;42m[48;2;129;79;41mﬂ[38;2;167;30;43m[48;2;163;31;44mﬂ[38;2;150;83;39m[48;2;151;83;39mﬂ[38;2;63;14;18m[48;2;69;26;20mﬂ[38;2;198;82;60m[48;2;189;75;56mﬂ[38;2;185;91;53m[48;2;175;77;46mﬂ[38;2;162;87;38m[48;2;165;88;38mﬂ[38;2;154;6;34m[48;2;138;2;31mﬂ[38;2;201;119;54m[48;2;142;85;39mﬂ[38;2;193;98;53m[48;2;87;41;27mﬂ[38;2;185;29;43m[48;2;187;68;50mﬂ[38;2;121;74;38m[48;2;180;79;44mﬂ[38;2;38;4;15m[48;2;15;0;12mﬂ[38;2;187;104;58m[48;2;30;4;14mﬂ[38;2;208;23;48m[48;2;168;84;44mﬂ[38;2;222;73;59m[48;2;173;23;42mﬂ[38;2;112;77;45m[48;2;181;65;51mﬂ[38;2;61;50;33m[48;2;78;46;28mﬂ[38;2;185;75;55m[48;2;78;59;39mﬂ[38;2;108;18;37m[48;2;165;58;52mﬂ[38;2;58;16;31m[48;2;71;19;34mﬂ[0m
  [38;2;72;24;39m[48;2;77;22;37mﬂ[38;2;163;53;49m[48;2;188;79;61mﬂ[38;2;73;62;37m[48;2;0;0;0mﬂ[38;2;74;46;28m[48;2;127;68;31mﬂ[38;2;199;103;55m[48;2;189;116;52mﬂ[38;2;164;19;41m[48;2;152;5;33mﬂ[38;2;150;2;38m[48;2;189;98;51mﬂ[38;2;161;37;38m[48;2;116;40;31mﬂ[38;2;190;83;43m[48;2;156;78;33mﬂ[38;2;148;1;35m[48;2;146;2;35mﬂ[38;2;141;78;37m[48;2;142;78;37mﬂ[38;2;135;72;32m[48;2;135;70;33mﬂ[38;2;148;4;28m[48;2;148;3;30mﬂ[38;2;138;74;27m[48;2;190;79;49mﬂ[38;2;167;77;45m[48;2;158;24;35mﬂ[38;2;173;54;48m[48;2;159;77;34mﬂ[38;2;86;40;28m[48;2;17;1;11mﬂ[38;2;19;0;15m[48;2;6;0;14mﬂ[38;2;169;83;45m[48;2;112;52;28mﬂ[38;2;152;4;35m[48;2;160;72;41mﬂ[38;2;135;79;45m[48;2;65;23;25mﬂ[38;2;0;0;0m[48;2;0;0;0mﬂ[38;2;115;63;33m[48;2;22;0;14mﬂ[38;2;195;93;47m[48;2;34;1;20mﬂ[38;2;182;78;48m[48;2;20;1;17mﬂ[38;2;161;77;46m[48;2;0;0;0mﬂ[38;2;132;60;39m[48;2;0;0;0mﬂ[38;2;88;24;28m[48;2;89;57;37mﬂ[38;2;88;23;24m[48;2;91;57;36mﬂ[38;2;26;3;13m[48;2;91;57;36mﬂ[38;2;0;0;0m[48;2;89;56;35mﬂ[38;2;45;3;19m[48;2;87;54;32mﬂ[38;2;17;1;12m[48;2;67;53;28mﬂ[38;2;88;72;33m[48;2;191;126;45mﬂ[38;2;152;91;46m[48;2;75;50;25mﬂ[38;2;16;1;13m[48;2;63;46;26mﬂ[38;2;0;0;0m[48;2;171;140;60mﬂ[38;2;162;127;59m[48;2;185;102;35mﬂ[38;2;121;62;28m[48;2;0;0;0mﬂ[38;2;24;2;11m[48;2;93;21;33mﬂ[38;2;41;2;18m[48;2;145;16;38mﬂ[38;2;25;1;16m[48;2;69;7;21mﬂ[38;2;0;0;0m[48;2;51;29;23mﬂ[38;2;0;0;0m[48;2;84;50;32mﬂ[38;2;67;34;19m[48;2;75;42;33mﬂ[38;2;229;131;71m[48;2;129;4;34mﬂ[38;2;122;90;39m[48;2;163;8;36mﬂ[38;2;75;25;20m[48;2;208;101;60mﬂ[38;2;67;26;18m[48;2;220;117;64mﬂ[38;2;137;73;36m[48;2;130;90;45mﬂ[38;2;164;82;49m[48;2;47;33;24mﬂ[38;2;179;75;44m[48;2;20;1;16mﬂ[38;2;188;98;47m[48;2;23;1;17mﬂ[38;2;31;2;16m[48;2;6;0;14mﬂ[38;2;0;0;0m[48;2;0;0;0mﬂ[38;2;149;87;39m[48;2;105;44;31mﬂ[38;2;158;20;36m[48;2;169;85;50mﬂ[38;2;183;66;42m[48;2;178;76;41mﬂ[38;2;179;75;48m[48;2;186;77;45mﬂ[38;2;157;12;43m[48;2;181;80;44mﬂ[38;2;175;88;47m[48;2;97;36;28mﬂ[38;2;161;85;36m[48;2;167;89;36mﬂ[38;2;142;2;34m[48;2;144;2;37mﬂ[38;2;145;88;42m[48;2;175;92;43mﬂ[38;2;82;42;26m[48;2;164;104;52mﬂ[38;2;191;72;51m[48;2;163;27;44mﬂ[38;2;173;72;41m[48;2;179;77;43mﬂ[38;2;16;0;12m[48;2;62;18;19mﬂ[38;2;17;6;15m[48;2;187;125;52mﬂ[38;2;48;7;19m[48;2;62;32;24mﬂ[38;2;180;91;54m[48;2;113;60;36mﬂ[38;2;143;2;38m[48;2;174;56;49mﬂ[38;2;168;95;48m[48;2;195;93;52mﬂ[38;2;0;0;0m[48;2;31;3;11mﬂ[38;2;162;87;56m[48;2;152;84;55mﬂ[38;2;99;22;39m[48;2;113;19;38mﬂ[0m
  [38;2;75;21;36m[48;2;70;21;35mﬂ[38;2;172;54;54m[48;2;132;19;41mﬂ[38;2;62;47;26m[48;2;196;124;71mﬂ[38;2;0;0;0m[48;2;18;1;14mﬂ[38;2;156;83;46m[48;2;171;86;45mﬂ[38;2;146;4;34m[48;2;165;45;44mﬂ[38;2;130;65;30m[48;2;92;49;24mﬂ[38;2;0;0;0m[48;2;7;1;14mﬂ[38;2;149;84;37m[48;2;152;78;37mﬂ[38;2;149;3;35m[48;2;156;3;38mﬂ[38;2;143;76;34m[48;2;184;100;42mﬂ[38;2;146;72;35m[48;2;153;71;31mﬂ[38;2;150;11;33m[48;2;145;60;35mﬂ[38;2;181;62;49m[48;2;75;16;17mﬂ[38;2;178;91;50m[48;2;23;1;14mﬂ[38;2;50;10;18m[48;2;0;0;0mﬂ[38;2;0;0;0m[48;2;0;0;0mﬂ[38;2;0;0;0m[48;2;64;40;30mﬂ[38;2;0;0;0m[48;2;91;58;34mﬂ[38;2;0;0;0m[48;2;141;90;49mﬂ[38;2;0;0;0m[48;2;126;84;51mﬂ[38;2;36;22;23m[48;2;92;60;39mﬂ[38;2;92;58;33m[48;2;16;7;13mﬂ[38;2;93;58;33m[48;2;14;6;11mﬂ[38;2;112;73;47m[48;2;6;4;18mﬂ[38;2;119;80;50m[48;2;0;1;20mﬂ[38;2;113;74;49m[48;2;0;0;19mﬂ[38;2;15;5;9m[48;2;0;0;18mﬂ[38;2;0;0;0m[48;2;0;0;19mﬂ[38;2;0;0;0m[48;2;0;1;20mﬂ[38;2;0;0;0m[48;2;1;1;16mﬂ[38;2;32;18;12m[48;2;165;120;52mﬂ[38;2;134;74;46m[48;2;194;28;40mﬂ[38;2;96;38;25m[48;2;193;60;42mﬂ[38;2;73;61;31m[48;2;155;37;43mﬂ[38;2;178;126;58m[48;2;114;43;22mﬂ[38;2;189;85;39m[48;2;59;38;22mﬂ[38;2;104;31;25m[48;2;123;77;46mﬂ[38;2;93;44;25m[48;2;119;59;28mﬂ[38;2;67;55;29m[48;2;94;63;29mﬂ[38;2;64;3;26m[48;2;33;8;16mﬂ[38;2;137;5;39m[48;2;102;3;38mﬂ[38;2;95;13;27m[48;2;111;3;39mﬂ[38;2;0;0;0m[48;2;90;9;30mﬂ[38;2;0;0;0m[48;2;3;1;15mﬂ[38;2;91;10;27m[48;2;10;0;14mﬂ[38;2;80;6;29m[48;2;141;18;46mﬂ[38;2;0;0;0m[48;2;20;4;20mﬂ[38;2;27;3;15m[48;2;22;2;19mﬂ[38;2;81;9;21m[48;2;64;6;34mﬂ[38;2;175;80;52m[48;2;41;2;25mﬂ[38;2;180;93;54m[48;2;60;10;19mﬂ[38;2;44;34;23m[48;2;160;70;43mﬂ[38;2;0;0;0m[48;2;150;92;43mﬂ[38;2;61;37;24m[48;2;46;14;11mﬂ[38;2;0;0;0m[48;2;125;84;53mﬂ[38;2;13;0;15m[48;2;141;90;50mﬂ[38;2;23;1;17m[48;2;109;68;40mﬂ[38;2;41;3;18m[48;2;69;44;30mﬂ[38;2;29;1;16m[48;2;0;0;0mﬂ[38;2;22;1;14m[48;2;0;0;0mﬂ[38;2;185;99;48m[48;2;23;1;18mﬂ[38;2;188;78;50m[48;2;60;3;19mﬂ[38;2;172;33;43m[48;2;124;50;31mﬂ[38;2;152;3;33m[48;2;165;74;34mﬂ[38;2;161;17;41m[48;2;147;67;35mﬂ[38;2;153;72;38m[48;2;46;4;19mﬂ[38;2;181;100;47m[48;2;171;87;47mﬂ[38;2;177;48;42m[48;2;154;2;36mﬂ[38;2;79;40;29m[48;2;149;82;42mﬂ[38;2;70;34;29m[48;2;83;41;28mﬂ[38;2;185;81;47m[48;2;182;74;48mﬂ[38;2;185;72;49m[48;2;187;73;49mﬂ[38;2;37;4;12m[48;2;38;5;12mﬂ[38;2;151;84;55m[48;2;151;83;55mﬂ[38;2;113;18;38m[48;2;112;19;38mﬂ[0m
  [38;2;68;22;37m[48;2;71;19;35mﬂ[38;2;131;18;40m[48;2;151;22;39mﬂ[38;2;149;76;50m[48;2;114;91;59mﬂ[38;2;33;3;15m[48;2;72;29;26mﬂ[38;2;195;87;57m[48;2;181;57;49mﬂ[38;2;188;81;47m[48;2;175;56;45mﬂ[38;2;46;12;10m[48;2;98;59;33mﬂ[38;2;14;1;12m[48;2;0;0;0mﬂ[38;2;186;106;39m[48;2;54;12;20mﬂ[38;2;174;78;43m[48;2;20;0;14mﬂ[38;2;110;39;31m[48;2;0;0;0mﬂ[38;2;26;0;18m[48;2;85;55;39mﬂ[38;2;7;0;14m[48;2;96;60;37mﬂ[38;2;0;0;0m[48;2;105;66;33mﬂ[38;2;68;45;29m[48;2;41;24;19mﬂ[38;2;130;80;39m[48;2;15;9;18mﬂ[38;2;127;82;46m[48;2;0;1;19mﬂ[38;2;64;38;28m[48;2;0;1;21mﬂ[38;2;16;9;14m[48;2;0;2;22mﬂ[38;2;8;4;14m[48;2;0;2;22mﬂ[38;2;0;1;19m[48;2;0;2;22mﬂ[38;2;0;2;20m[48;2;0;2;21mﬂ[38;2;0;1;20m[48;2;27;21;21mﬂ[38;2;0;1;20m[48;2;26;20;25mﬂ[38;2;0;0;18m[48;2;0;1;20mﬂ[38;2;0;0;18m[48;2;43;10;23mﬂ[38;2;0;0;19m[48;2;1;1;17mﬂ[38;2;30;13;24m[48;2;0;1;19mﬂ[38;2;2;0;16m[48;2;0;1;19mﬂ[38;2;0;1;14m[48;2;0;0;0mﬂ[38;2;115;78;39m[48;2;154;69;42mﬂ[38;2;226;76;45m[48;2;181;46;36mﬂ[38;2;206;102;39m[48;2;145;81;40mﬂ[38;2;101;32;29m[48;2;178;81;46mﬂ[38;2;119;3;39m[48;2;193;14;45mﬂ[38;2;145;18;39m[48;2;121;10;39mﬂ[38;2;201;89;40m[48;2;105;49;30mﬂ[38;2;108;46;30m[48;2;94;69;41mﬂ[38;2;67;10;29m[48;2;86;4;33mﬂ[38;2;128;41;22m[48;2;100;33;33mﬂ[38;2;83;42;21m[48;2;78;49;27mﬂ[38;2;66;4;28m[48;2;29;4;19mﬂ[38;2;111;3;43m[48;2;132;4;42mﬂ[38;2;96;2;36m[48;2;86;2;39mﬂ[38;2;90;8;32m[48;2;74;3;33mﬂ[38;2;9;1;14m[48;2;61;4;24mﬂ[38;2;170;33;47m[48;2;180;39;47mﬂ[38;2;20;3;19m[48;2;23;3;22mﬂ[38;2;43;4;29m[48;2;26;2;21mﬂ[38;2;32;2;22m[48;2;48;5;27mﬂ[38;2;98;4;37m[48;2;25;3;16mﬂ[38;2;66;2;31m[48;2;121;7;39mﬂ[38;2;40;3;21m[48;2;104;2;39mﬂ[38;2;89;13;28m[48;2;97;1;41mﬂ[38;2;179;61;39m[48;2;60;4;28mﬂ[38;2;59;29;27m[48;2;152;36;33mﬂ[38;2;4;2;15m[48;2;77;33;22mﬂ[38;2;15;7;11m[48;2;0;1;17mﬂ[38;2;43;25;20m[48;2;0;1;19mﬂ[38;2;123;80;45m[48;2;0;1;19mﬂ[38;2;137;85;44m[48;2;12;6;20mﬂ[38;2;83;54;37m[48;2;37;22;21mﬂ[38;2;0;0;0m[48;2;106;67;37mﬂ[38;2;0;0;0m[48;2;94;60;36mﬂ[38;2;11;0;15m[48;2;92;60;38mﬂ[38;2;0;0;0m[48;2;19;13;21mﬂ[38;2;0;0;0m[48;2;1;0;16mﬂ[38;2;103;49;29m[48;2;14;0;15mﬂ[38;2;175;59;41m[48;2;119;49;35mﬂ[38;2;160;26;41m[48;2;196;88;52mﬂ[38;2;202;90;57m[48;2;156;17;42mﬂ[38;2;153;9;41m[48;2;159;27;40mﬂ[38;2;190;90;52m[48;2;144;70;40mﬂ[38;2;32;3;12m[48;2;0;0;0mﬂ[38;2;150;84;56m[48;2;167;98;57mﬂ[38;2;114;22;41m[48;2;114;22;42mﬂ[0m
  [38;2;87;21;38m[48;2;101;23;41mﬂ[38;2;190;80;60m[48;2;199;97;64mﬂ[38;2;45;35;28m[48;2;23;2;13mﬂ[38;2;123;67;25m[48;2;168;87;37mﬂ[38;2;179;62;45m[48;2;88;28;24mﬂ[38;2;155;70;36m[48;2;17;0;15mﬂ[38;2;56;22;19m[48;2;16;10;16mﬂ[38;2;0;0;0m[48;2;101;63;36mﬂ[38;2;0;0;0m[48;2;116;74;45mﬂ[38;2;96;66;43m[48;2;0;0;0mﬂ[38;2;85;51;30m[48;2;0;2;18mﬂ[38;2;56;34;29m[48;2;0;2;21mﬂ[38;2;23;17;26m[48;2;0;3;22mﬂ[38;2;0;2;21m[48;2;0;3;22mﬂ[38;2;0;3;21m[48;2;0;3;22mﬂ[38;2;0;2;21m[48;2;0;2;21mﬂ[38;2;1;1;19m[48;2;49;32;29mﬂ[38;2;1;2;20m[48;2;85;60;37mﬂ[38;2;0;2;21m[48;2;0;2;20mﬂ[38;2;0;2;22m[48;2;0;3;22mﬂ[38;2;0;3;22m[48;2;0;3;22mﬂ[38;2;0;2;21m[48;2;0;3;22mﬂ[38;2;0;3;22m[48;2;0;2;21mﬂ[38;2;0;2;21m[48;2;6;2;20mﬂ[38;2;10;2;19m[48;2;112;17;28mﬂ[38;2;52;8;18m[48;2;151;75;28mﬂ[38;2;84;14;29m[48;2;63;3;23mﬂ[38;2;1;1;19m[48;2;6;2;19mﬂ[38;2;53;46;33m[48;2;109;89;34mﬂ[38;2;151;101;40m[48;2;166;24;24mﬂ[38;2;199;66;39m[48;2;165;10;39mﬂ[38;2;196;6;46m[48;2;97;26;27mﬂ[38;2;161;22;41m[48;2;85;62;30mﬂ[38;2;111;17;27m[48;2;131;14;35mﬂ[38;2;149;6;41m[48;2;129;5;39mﬂ[38;2;118;8;34m[48;2;111;54;39mﬂ[38;2;120;33;27m[48;2;105;63;37mﬂ[38;2;48;22;21m[48;2;59;2;31mﬂ[38;2;60;2;33m[48;2;76;3;36mﬂ[38;2;102;6;31m[48;2;88;4;31mﬂ[38;2;151;79;40m[48;2;51;30;17mﬂ[38;2;40;24;23m[48;2;0;0;0mﬂ[38;2;99;7;30m[48;2;104;8;29mﬂ[38;2;84;1;40m[48;2;73;2;40mﬂ[38;2;93;3;40m[48;2;66;2;37mﬂ[38;2;39;2;24m[48;2;37;1;26mﬂ[38;2;186;44;48m[48;2;188;53;50mﬂ[38;2;23;3;20m[48;2;23;4;20mﬂ[38;2;29;2;24m[48;2;59;2;33mﬂ[38;2;69;4;27m[48;2;52;4;26mﬂ[38;2;69;3;32m[48;2;109;6;39mﬂ[38;2;51;6;25m[48;2;98;4;41mﬂ[38;2;137;15;39m[48;2;41;4;22mﬂ[38;2;134;2;40m[48;2;138;19;38mﬂ[38;2;113;2;42m[48;2;152;5;43mﬂ[38;2;57;4;28m[48;2;130;3;44mﬂ[38;2;124;26;30m[48;2;72;2;35mﬂ[38;2;99;28;30m[48;2;135;23;34mﬂ[38;2;2;1;21m[48;2;96;26;27mﬂ[38;2;0;1;21m[48;2;0;2;18mﬂ[38;2;0;2;21m[48;2;0;3;22mﬂ[38;2;0;1;19m[48;2;0;3;22mﬂ[38;2;0;1;19m[48;2;1;2;21mﬂ[38;2;14;10;21m[48;2;19;10;22mﬂ[38;2;52;32;28m[48;2;0;2;20mﬂ[38;2;85;52;33m[48;2;0;1;19mﬂ[38;2;96;64;43m[48;2;0;0;0mﬂ[38;2;25;15;20m[48;2;98;63;39mﬂ[38;2;0;0;0m[48;2;102;65;38mﬂ[38;2;55;11;19m[48;2;33;21;19mﬂ[38;2;130;57;35m[48;2;0;0;0mﬂ[38;2;117;51;37m[48;2;0;0;0mﬂ[38;2;20;1;10m[48;2;87;73;42mﬂ[38;2;96;73;39m[48;2;192;70;51mﬂ[38;2;177;62;49m[48;2;101;20;39mﬂ[38;2;81;22;37m[48;2;61;26;39mﬂ[0m
  [38;2;95;20;39m[48;2;74;23;38mﬂ[38;2;203;100;66m[48;2;167;60;52mﬂ[38;2;0;0;0m[48;2;130;103;54mﬂ[38;2;26;1;16m[48;2;82;71;46mﬂ[38;2;0;0;0m[48;2;97;62;36mﬂ[38;2;53;4;26m[48;2;96;4;36mﬂ[38;2;81;30;34m[48;2;80;28;30mﬂ[38;2;95;62;38m[48;2;86;57;41mﬂ[38;2;0;2;20m[48;2;0;3;22mﬂ[38;2;0;3;22m[48;2;0;3;22mﬂ[38;2;0;3;22m[48;2;13;9;23mﬂ[38;2;0;3;22m[48;2;1;2;21mﬂ[38;2;0;3;22m[48;2;0;2;22mﬂ[38;2;0;2;22m[48;2;0;2;21mﬂ[38;2;0;3;22m[48;2;0;2;21mﬂ[38;2;0;3;22m[48;2;0;2;22mﬂ[38;2;17;12;22m[48;2;0;3;22mﬂ[38;2;37;24;25m[48;2;0;3;22mﬂ[38;2;0;2;21m[48;2;0;3;22mﬂ[38;2;0;3;22m[48;2;0;2;22mﬂ[38;2;0;3;22m[48;2;0;2;21mﬂ[38;2;0;2;22m[48;2;0;2;21mﬂ[38;2;1;2;21m[48;2;2;2;21mﬂ[38;2;38;6;23m[48;2;57;6;23mﬂ[38;2;99;20;30m[48;2;210;39;37mﬂ[38;2;233;109;27m[48;2;244;152;27mﬂ[38;2;198;42;35m[48;2;244;153;33mﬂ[38;2;34;1;16m[48;2;188;48;30mﬂ[38;2;80;47;24m[48;2;157;65;34mﬂ[38;2;94;45;28m[48;2;199;149;45mﬂ[38;2;156;110;40m[48;2;194;123;39mﬂ[38;2;201;146;33m[48;2;122;45;38mﬂ[38;2;135;41;33m[48;2;87;7;30mﬂ[38;2;105;7;29m[48;2;7;3;21mﬂ[38;2;0;0;0m[48;2;14;12;21mﬂ[38;2;80;23;23m[48;2;148;78;33mﬂ[38;2;134;54;32m[48;2;159;59;30mﬂ[38;2;119;18;42m[48;2;118;11;38mﬂ[38;2;98;8;39m[48;2;90;5;36mﬂ[38;2;82;5;30m[48;2;74;4;30mﬂ[38;2;138;88;39m[48;2;28;10;17mﬂ[38;2;0;0;0m[48;2;9;2;15mﬂ[38;2;85;3;33m[48;2;76;3;34mﬂ[38;2;60;3;38m[48;2;50;2;35mﬂ[38;2;36;3;28m[48;2;65;34;28mﬂ[38;2;54;28;20m[48;2;184;65;45mﬂ[38;2;174;21;45m[48;2;96;2;35mﬂ[38;2;38;4;26m[48;2;50;3;27mﬂ[38;2;69;2;35m[48;2;100;2;40mﬂ[38;2;72;3;35m[48;2;120;3;44mﬂ[38;2;85;5;35m[48;2;72;6;35mﬂ[38;2;122;4;44m[48;2;119;6;40mﬂ[38;2;99;4;39m[48;2;149;6;43mﬂ[38;2;74;6;23m[48;2;88;3;34mﬂ[38;2;151;10;42m[48;2;139;17;37mﬂ[38;2;199;15;46m[48;2;175;17;34mﬂ[38;2;158;6;45m[48;2;212;20;37mﬂ[38;2;65;3;31m[48;2;134;4;44mﬂ[38;2;146;19;34m[48;2;88;6;34mﬂ[38;2;63;12;18m[48;2;152;17;30mﬂ[38;2;0;2;22m[48;2;2;2;19mﬂ[38;2;0;3;22m[48;2;0;3;22mﬂ[38;2;24;12;19m[48;2;0;3;21mﬂ[38;2;117;88;55m[48;2;7;6;23mﬂ[38;2;1;2;20m[48;2;0;2;21mﬂ[38;2;0;3;22m[48;2;0;2;21mﬂ[38;2;0;2;21m[48;2;0;3;21mﬂ[38;2;0;1;18m[48;2;0;2;21mﬂ[38;2;44;28;25m[48;2;37;26;29mﬂ[38;2;98;56;36m[48;2;99;57;35mﬂ[38;2;69;5;30m[48;2;110;3;41mﬂ[38;2;100;63;41m[48;2;111;69;41mﬂ[38;2;157;89;53m[48;2;156;87;54mﬂ[38;2;126;19;39m[48;2;114;17;39mﬂ[38;2;74;24;39m[48;2;64;27;40mﬂ[38;2;44;24;35m[48;2;39;27;37mﬂ[0m
  [38;2;56;24;37m[48;2;44;25;37mﬂ[38;2;82;20;36m[48;2;67;24;39mﬂ[38;2;145;22;39m[48;2;108;21;42mﬂ[38;2;192;87;55m[48;2;187;82;57mﬂ[38;2;110;71;40m[48;2;112;72;40mﬂ[38;2;133;28;33m[48;2;153;34;34mﬂ[38;2;115;59;35m[48;2;122;63;36mﬂ[38;2;85;56;41m[48;2;86;56;41mﬂ[38;2;0;3;22m[48;2;0;2;21mﬂ[38;2;12;9;23m[48;2;5;5;23mﬂ[38;2;126;90;50m[48;2;93;60;41mﬂ[38;2;56;33;27m[48;2;31;18;25mﬂ[38;2;5;5;23m[48;2;2;3;22mﬂ[38;2;0;3;22m[48;2;0;2;22mﬂ[38;2;0;3;22m[48;2;0;3;22mﬂ[38;2;0;3;22m[48;2;0;3;21mﬂ[38;2;1;4;21m[48;2;0;3;21mﬂ[38;2;0;3;21m[48;2;0;2;22mﬂ[38;2;0;2;21m[48;2;0;2;22mﬂﬂ[38;2;26;16;26m[48;2;11;8;24mﬂ[38;2;12;10;24m[48;2;5;5;23mﬂ[38;2;0;3;22m[48;2;0;2;22mﬂ[38;2;10;3;21m[48;2;1;2;22mﬂ[38;2;78;15;27m[48;2;8;1;21mﬂ[38;2;216;55;36m[48;2;62;8;25mﬂ[38;2;245;186;37m[48;2;170;35;34mﬂ[38;2;246;206;50m[48;2;167;49;31mﬂ[38;2;204;119;36m[48;2;61;15;25mﬂ[38;2;51;17;18m[48;2;5;3;20mﬂ[38;2;105;26;34m[48;2;7;1;17mﬂ[38;2;170;17;42m[48;2;30;10;23mﬂ[38;2;35;4;26m[48;2;6;2;24mﬂ[38;2;0;1;18m[48;2;24;23;25mﬂ[38;2;80;60;36m[48;2;219;161;58mﬂ[38;2;199;104;30m[48;2;192;100;26mﬂ[38;2;156;57;34m[48;2;130;20;32mﬂ[38;2;136;7;45m[48;2;151;10;46mﬂ[38;2;94;3;41m[48;2;90;3;39mﬂ[38;2;99;44;33m[48;2;53;15;25mﬂ[38;2;43;27;25m[48;2;22;9;17mﬂ[38;2;42;4;25m[48;2;80;48;33mﬂ[38;2;53;3;26m[48;2;159;82;38mﬂ[38;2;78;47;27m[48;2;170;43;37mﬂ[38;2;195;65;39m[48;2;80;5;31mﬂ[38;2;93;5;34m[48;2;26;2;22mﬂ[38;2;19;2;18m[48;2;72;2;38mﬂ[38;2;52;2;32m[48;2;81;2;36mﬂ[38;2;142;5;42m[48;2;148;7;42mﬂ[38;2;168;4;45m[48;2;183;12;40mﬂ[38;2;111;2;38m[48;2;163;14;39mﬂ[38;2;90;5;31m[48;2;77;12;31mﬂ[38;2;159;10;40m[48;2;181;21;43mﬂ[38;2;173;13;41m[48;2;219;33;41mﬂ[38;2;55;3;25m[48;2;116;4;37mﬂ[38;2;169;27;41m[48;2;120;21;23mﬂ[38;2;201;29;33m[48;2;164;29;37mﬂ[38;2;208;26;36m[48;2;235;62;25mﬂ[38;2;142;4;46m[48;2;208;30;36mﬂ[38;2;134;10;39m[48;2;114;6;41mﬂ[38;2;69;12;23m[48;2;120;9;29mﬂ[38;2;0;3;21m[48;2;1;2;15mﬂ[38;2;0;3;22m[48;2;0;3;22mﬂ[38;2;0;3;22m[48;2;0;2;22mﬂ[38;2;0;2;22m[48;2;0;2;22mﬂ[38;2;0;2;21m[48;2;0;3;21mﬂ[38;2;43;33;31m[48;2;20;17;27mﬂ[38;2;0;3;22m[48;2;0;3;22mﬂ[38;2;37;27;29m[48;2;37;27;30mﬂ[38;2;116;70;40m[48;2;120;73;42mﬂ[38;2;164;41;38m[48;2;184;49;40mﬂ[38;2;112;70;40m[48;2;115;71;41mﬂ[38;2;154;87;53m[48;2;153;87;52mﬂ[38;2;107;18;38m[48;2;103;15;34mﬂ[38;2;57;25;38m[48;2;54;22;35mﬂ[38;2;32;25;34m[48;2;31;24;34mﬂ[0m
  [38;2;38;26;37m[48;2;35;27;37mﬂ[38;2;57;24;38m[48;2;56;26;40mﬂ[38;2;98;24;42m[48;2;97;25;42mﬂ[38;2;184;82;57m[48;2;183;82;58mﬂ[38;2;112;73;40m[48;2;108;71;40mﬂ[38;2;154;32;32m[48;2;185;79;27mﬂ[38;2;125;62;35m[48;2;131;84;39mﬂ[38;2;87;56;41m[48;2;87;57;41mﬂ[38;2;0;2;22m[48;2;0;2;22mﬂﬂ[38;2;8;5;23m[48;2;0;2;22mﬂ[38;2;1;2;22m[48;2;0;2;23mﬂ[38;2;0;3;22m[48;2;0;2;23mﬂ[38;2;0;2;22m[48;2;0;2;23mﬂ[38;2;0;3;22m[48;2;0;2;22mﬂ[38;2;0;2;22m[48;2;0;2;22mﬂ[38;2;0;2;22m[48;2;0;2;23mﬂ[38;2;0;2;22m[48;2;0;2;22mﬂ[38;2;0;2;22m[48;2;0;2;23mﬂ[38;2;0;2;22m[48;2;0;2;22mﬂ[38;2;0;2;22m[48;2;14;9;24mﬂ[38;2;0;2;22m[48;2;0;2;23mﬂﬂﬂ[38;2;0;2;22m[48;2;0;2;22mﬂ[38;2;30;4;21m[48;2;95;13;26mﬂ[38;2;11;2;22m[48;2;1;2;20mﬂ[38;2;11;2;22m[48;2;0;3;23mﬂ[38;2;4;3;21m[48;2;0;2;23mﬂ[38;2;0;2;22m[48;2;0;2;23mﬂ[38;2;0;1;22m[48;2;0;2;23mﬂ[38;2;0;1;22m[48;2;0;2;20mﬂ[38;2;16;14;22m[48;2;93;74;37mﬂ[38;2;156;127;53m[48;2;234;177;72mﬂ[38;2;220;126;43m[48;2;198;109;26mﬂ[38;2;184;87;29m[48;2;127;31;31mﬂ[38;2;159;18;34m[48;2;184;22;44mﬂ[38;2;165;35;40m[48;2;181;36;47mﬂ[38;2;86;3;38m[48;2;97;5;41mﬂ[38;2;49;8;24m[48;2;101;9;34mﬂ[38;2;110;50;29m[48;2;179;17;39mﬂ[38;2;202;56;40m[48;2;111;4;38mﬂ[38;2;155;21;42m[48;2;27;2;21mﬂ[38;2;60;4;29m[48;2;43;2;28mﬂ[38;2;24;1;19m[48;2;88;2;39mﬂ[38;2;80;2;38m[48;2;118;1;41mﬂ[38;2;126;2;44m[48;2;185;13;40mﬂ[38;2;158;6;44m[48;2;214;27;37mﬂ[38;2;122;4;44m[48;2;135;8;45mﬂ[38;2;206;34;31m[48;2;225;61;25mﬂ[38;2;219;46;33m[48;2;238;114;25mﬂ[38;2;126;8;43m[48;2;170;25;37mﬂ[38;2;150;10;43m[48;2;127;8;33mﬂ[38;2;232;67;31m[48;2;199;51;26mﬂ[38;2;178;16;37m[48;2;236;84;30mﬂ[38;2;87;6;30m[48;2;119;12;32mﬂ[38;2;180;21;37m[48;2;148;14;35mﬂ[38;2;230;80;25m[48;2;208;55;30mﬂ[38;2;232;60;24m[48;2;243;126;24mﬂ[38;2;167;16;40m[48;2;228;46;31mﬂ[38;2;114;6;35m[48;2;134;16;40mﬂ[38;2;43;5;25m[48;2;74;7;27mﬂ[38;2;0;2;22m[48;2;2;1;21mﬂ[38;2;0;2;22m[48;2;0;2;23mﬂ[38;2;0;2;22m[48;2;0;2;22mﬂ[38;2;0;3;22m[48;2;0;3;22mﬂﬂ[38;2;0;3;21m[48;2;0;2;22mﬂ[38;2;38;26;29m[48;2;38;27;29mﬂ[38;2;120;73;42m[48;2;122;81;45mﬂ[38;2;187;47;38m[48;2;220;102;34mﬂ[38;2;116;71;41m[48;2;116;72;42mﬂ[38;2;154;87;52m[48;2;154;86;52mﬂ[38;2;101;17;36m[48;2;102;16;35mﬂ[38;2;50;19;32m[48;2;47;16;28mﬂ[38;2;30;24;34m[48;2;28;19;28mﬂ[0m
  [38;2;32;27;37m[48;2;34;29;39mﬂ[38;2;50;24;37m[48;2;56;30;42mﬂ[38;2;95;24;41m[48;2;88;21;38mﬂ[38;2;183;83;58m[48;2;182;84;58mﬂ[38;2;107;70;39m[48;2;108;71;39mﬂ[38;2;192;90;27m[48;2;193;101;30mﬂ[38;2;131;86;40m[48;2;131;95;45mﬂ[38;2;87;58;42m[48;2;87;58;42mﬂ[38;2;0;2;23m[48;2;0;4;24mﬂ[38;2;0;2;23m[48;2;0;4;23mﬂ[38;2;0;3;23m[48;2;0;4;24mﬂ[38;2;0;3;23m[48;2;0;4;25mﬂ[38;2;0;2;23m[48;2;0;4;24mﬂ[38;2;0;3;23m[48;2;0;4;25mﬂ[38;2;0;2;23m[48;2;0;4;24mﬂ[38;2;51;41;33m[48;2;0;4;23mﬂ[38;2;0;3;22m[48;2;0;4;24mﬂ[38;2;0;3;24m[48;2;0;5;25mﬂ[38;2;0;3;24m[48;2;0;5;26mﬂ[38;2;19;13;25m[48;2;0;5;26mﬂ[38;2;116;84;54m[48;2;9;9;27mﬂ[38;2;8;8;26m[48;2;0;4;25mﬂ[38;2;0;3;24m[48;2;0;4;26mﬂ[38;2;0;4;24m[48;2;0;5;26mﬂ[38;2;38;32;30m[48;2;82;58;34mﬂ[38;2;152;64;50m[48;2;164;53;46mﬂ[38;2;1;2;19m[48;2;10;4;23mﬂ[38;2;0;4;24m[48;2;0;5;27mﬂ[38;2;0;3;23m[48;2;39;22;26mﬂ[38;2;0;3;23m[48;2;3;4;20mﬂ[38;2;0;3;24m[48;2;0;5;25mﬂ[38;2;1;3;20m[48;2;58;53;28mﬂ[38;2;202;175;78m[48;2;227;159;64mﬂ[38;2;239;182;63m[48;2;230;151;62mﬂ[38;2;198;104;27m[48;2;227;142;27mﬂ[38;2;141;27;36m[48;2;152;45;36mﬂ[38;2;189;14;48m[48;2;169;10;47mﬂ[38;2;180;16;41m[48;2;211;53;47mﬂ[38;2;173;30;44m[48;2;227;85;40mﬂ[38;2;133;4;39m[48;2;190;29;41mﬂ[38;2;86;3;37m[48;2;85;6;36mﬂ[38;2;21;1;21m[48;2;49;4;30mﬂ[38;2;37;3;26m[48;2;20;2;20mﬂ[38;2;87;1;39m[48;2;80;2;34mﬂ[38;2;136;3;42m[48;2;71;4;26mﬂ[38;2;145;10;38m[48;2;16;2;19mﬂ[38;2;136;27;29m[48;2;1;1;18mﬂ[38;2;140;32;28m[48;2;0;3;22mﬂ[38;2;170;20;43m[48;2;68;8;28mﬂ[38;2;198;71;32m[48;2;66;13;26mﬂ[38;2;165;112;36m[48;2;0;3;23mﬂ[38;2;169;62;32m[48;2;39;16;25mﬂ[38;2;136;10;38m[48;2;145;9;38mﬂ[38;2;185;42;27m[48;2;205;39;26mﬂ[38;2;252;165;33m[48;2;214;142;32mﬂ[38;2;182;33;31m[48;2;184;70;29mﬂ[38;2;108;23;28m[48;2;112;18;34mﬂ[38;2;175;40;31m[48;2;180;27;35mﬂ[38;2;247;147;29m[48;2;234;104;27mﬂ[38;2;246;91;22m[48;2;248;128;28mﬂ[38;2;187;33;35m[48;2;197;63;27mﬂ[38;2;97;4;28m[48;2;136;16;36mﬂ[38;2;6;2;15m[48;2;95;12;25mﬂ[38;2;0;3;23m[48;2;0;5;24mﬂ[38;2;2;4;23m[48;2;0;5;26mﬂ[38;2;2;4;23m[48;2;0;4;25mﬂ[38;2;0;2;23m[48;2;0;3;24mﬂ[38;2;0;2;22m[48;2;0;3;24mﬂ[38;2;38;27;30m[48;2;38;27;31mﬂ[38;2;122;81;45m[48;2;122;85;48mﬂ[38;2;227;109;29m[48;2;229;129;36mﬂ[38;2;116;72;41m[48;2;116;73;41mﬂ[38;2;153;86;52m[48;2;154;86;52mﬂ[38;2;102;16;35m[48;2;101;16;34mﬂ[38;2;54;21;33m[48;2;53;20;32mﬂ[38;2;26;16;26m[48;2;31;22;32mﬂ[0m
  [38;2;37;33;43m[48;2;35;32;41mﬂ[38;2;54;28;39m[48;2;53;26;38mﬂ[38;2;90;25;41m[48;2;91;24;40mﬂ[38;2;180;84;59m[48;2;182;85;59mﬂ[38;2;106;70;38m[48;2;107;71;38mﬂ[38;2;196;105;30m[48;2;197;121;38mﬂ[38;2;131;96;45m[48;2;132;107;58mﬂ[38;2;88;59;41m[48;2;87;59;41mﬂ[38;2;0;5;26m[48;2;0;8;29mﬂ[38;2;0;5;26m[48;2;53;36;36mﬂ[38;2;0;5;27m[48;2;3;7;27mﬂ[38;2;0;5;27m[48;2;0;8;30mﬂﬂﬂ[38;2;0;5;27m[48;2;0;9;30mﬂ[38;2;0;6;27m[48;2;1;8;30mﬂ[38;2;0;6;27m[48;2;0;9;30mﬂ[38;2;0;6;28m[48;2;1;9;32mﬂ[38;2;0;6;28m[48;2;0;9;32mﬂ[38;2;0;6;27m[48;2;0;9;31mﬂ[38;2;0;5;27m[48;2;0;9;31mﬂ[38;2;0;6;28m[48;2;0;9;32mﬂ[38;2;0;6;28m[48;2;0;10;32mﬂ[38;2;0;4;22m[48;2;44;33;24mﬂ[38;2;145;74;38m[48;2;189;61;52mﬂ[38;2;115;13;39m[48;2;121;8;44mﬂ[38;2;38;5;27m[48;2;72;10;33mﬂ[38;2;0;6;28m[48;2;3;5;23mﬂ[38;2;0;5;27m[48;2;0;9;31mﬂ[38;2;0;5;27m[48;2;0;10;32mﬂ[38;2;0;6;28m[48;2;0;10;32mﬂ[38;2;41;22;19m[48;2;1;2;14mﬂ[38;2;224;169;56m[48;2;179;102;39mﬂ[38;2;239;186;62m[48;2;217;121;42mﬂ[38;2;198;90;30m[48;2;230;142;32mﬂ[38;2;126;30;34m[48;2;199;96;30mﬂ[38;2;139;5;44m[48;2;99;6;38mﬂ[38;2;186;5;38m[48;2;58;2;21mﬂ[38;2;223;44;41m[48;2;142;5;44mﬂ[38;2;165;20;38m[48;2;154;5;40mﬂ[38;2;79;3;36m[48;2;134;13;42mﬂ[38;2;51;5;31m[48;2;53;4;30mﬂ[38;2;71;5;35m[48;2;54;2;26mﬂ[38;2;28;2;20m[48;2;62;3;33mﬂ[38;2;17;2;16m[48;2;76;3;37mﬂ[38;2;60;32;20m[48;2;83;6;35mﬂ[38;2;146;75;35m[48;2;53;6;23mﬂ[38;2;24;17;22m[48;2;122;62;36mﬂ[38;2;11;4;20m[48;2;126;70;33mﬂ[38;2;8;3;20m[48;2;14;9;18mﬂ[38;2;0;5;25m[48;2;1;8;32mﬂ[38;2;0;5;25m[48;2;0;8;30mﬂ[38;2;65;4;25m[48;2;25;7;19mﬂ[38;2;167;32;31m[48;2;96;11;27mﬂ[38;2;30;19;22m[48;2;0;8;29mﬂ[38;2;21;10;23m[48;2;0;9;30mﬂ[38;2;90;13;30m[48;2;17;4;19mﬂ[38;2;141;14;33m[48;2;137;9;37mﬂ[38;2;211;82;27m[48;2;207;79;30mﬂ[38;2;216;149;38m[48;2;118;85;37mﬂ[38;2;25;13;21m[48;2;0;7;29mﬂ[38;2;49;10;21m[48;2;13;6;22mﬂ[38;2;108;14;30m[48;2;44;5;17mﬂ[38;2;0;5;27m[48;2;1;9;30mﬂ[38;2;0;6;28m[48;2;1;8;30mﬂ[38;2;1;5;27m[48;2;0;8;31mﬂ[38;2;49;29;26m[48;2;0;8;30mﬂ[38;2;0;4;26m[48;2;0;8;30mﬂ[38;2;38;28;30m[48;2;37;29;30mﬂ[38;2;123;87;48m[48;2;121;90;50mﬂ[38;2;230;135;37m[48;2;231;150;46mﬂ[38;2;117;74;43m[48;2;115;73;42mﬂ[38;2;153;85;53m[48;2;152;85;51mﬂ[38;2;102;18;35m[48;2;103;18;35mﬂ[38;2;56;24;37m[48;2;53;23;35mﬂ[38;2;28;21;30m[48;2;28;20;29mﬂ[0m
  [38;2;35;29;39m[48;2;41;29;39mﬂ[38;2;52;24;36m[48;2;65;28;42mﬂ[38;2;91;22;39m[48;2;97;22;42mﬂ[38;2;183;86;59m[48;2;182;85;56mﬂ[38;2;110;72;40m[48;2;110;72;41mﬂ[38;2;200;152;53m[48;2;203;161;60mﬂ[38;2;131;110;64m[48;2;132;111;66mﬂ[38;2;87;59;41m[48;2;88;60;41mﬂ[38;2;0;13;34m[48;2;0;15;37mﬂ[38;2;0;13;34m[48;2;1;16;38mﬂ[38;2;0;13;35m[48;2;0;16;38mﬂ[38;2;0;12;35m[48;2;0;15;38mﬂ[38;2;0;12;34m[48;2;0;14;37mﬂ[38;2;0;12;34m[48;2;0;15;37mﬂ[38;2;1;13;35m[48;2;0;16;38mﬂ[38;2;11;14;24m[48;2;44;35;34mﬂ[38;2;20;20;23m[48;2;160;66;45mﬂ[38;2;1;10;28m[48;2;168;24;46mﬂ[38;2;1;13;36m[48;2;31;10;27mﬂ[38;2;0;13;36m[48;2;3;13;33mﬂ[38;2;1;13;36m[48;2;25;8;21mﬂ[38;2;1;13;36m[48;2;1;13;33mﬂ[38;2;1;14;36m[48;2;16;21;29mﬂ[38;2;89;58;33m[48;2;192;99;57mﬂ[38;2;197;55;52m[48;2;161;7;43mﬂ[38;2;115;5;43m[48;2;111;5;42mﬂ[38;2;72;8;34m[48;2;42;4;32mﬂ[38;2;18;5;20m[48;2;67;8;32mﬂ[38;2;1;14;35m[48;2;3;14;35mﬂ[38;2;0;14;36m[48;2;0;16;39mﬂ[38;2;0;14;36m[48;2;0;16;38mﬂ[38;2;1;6;23m[48;2;1;16;39mﬂ[38;2;84;49;26m[48;2;13;8;17mﬂ[38;2;241;134;36m[48;2;129;55;23mﬂ[38;2;219;114;31m[48;2;162;59;30mﬂ[38;2;163;52;31m[48;2;223;114;33mﬂ[38;2;136;37;33m[48;2;161;51;27mﬂ[38;2;39;7;23m[48;2;78;18;28mﬂ[38;2;76;9;27m[48;2;0;0;0mﬂ[38;2;181;14;46m[48;2;45;3;20mﬂ[38;2;139;2;43m[48;2;148;18;36mﬂ[38;2;90;2;34m[48;2;124;3;42mﬂ[38;2;35;6;20m[48;2;108;12;37mﬂ[38;2;74;14;30m[48;2;58;15;21mﬂ[38;2;58;18;25m[48;2;205;109;48mﬂ[38;2;68;44;26m[48;2;225;76;41mﬂ[38;2;81;10;24m[48;2;203;8;40mﬂ[38;2;69;9;33m[48;2;128;13;39mﬂ[38;2;52;13;20m[48;2;61;4;32mﬂ[38;2;57;36;23m[48;2;99;36;32mﬂ[38;2;46;33;27m[48;2;94;48;28mﬂ[38;2;1;13;35m[48;2;55;43;32mﬂ[38;2;7;8;27m[48;2;22;26;36mﬂ[38;2;24;6;21m[48;2;1;11;31mﬂ[38;2;0;12;33m[48;2;0;15;37mﬂﬂ[38;2;10;10;30m[48;2;1;16;40mﬂ[38;2;81;9;24m[48;2;71;10;29mﬂ[38;2;176;46;37m[48;2;182;30;40mﬂ[38;2;91;65;33m[48;2;62;40;30mﬂ[38;2;0;13;35m[48;2;0;16;37mﬂ[38;2;0;13;35m[48;2;1;16;38mﬂ[38;2;0;5;21m[48;2;0;16;40mﬂ[38;2;1;13;35m[48;2;0;16;38mﬂ[38;2;0;13;36m[48;2;0;16;38mﬂ[38;2;0;13;35m[48;2;0;16;38mﬂ[38;2;0;14;35m[48;2;0;16;38mﬂ[38;2;0;13;36m[48;2;0;16;39mﬂ[38;2;38;31;33m[48;2;38;32;34mﬂ[38;2;120;91;53m[48;2;121;91;54mﬂ[38;2;233;183;64m[48;2;232;186;67mﬂ[38;2;111;72;42m[48;2;114;74;43mﬂ[38;2;152;85;51m[48;2;152;84;51mﬂ[38;2;106;18;37m[48;2;110;20;39mﬂ[38;2;55;23;36m[48;2;67;26;41mﬂ[38;2;31;20;30m[48;2;38;24;35mﬂ[0m
  [38;2;48;26;38m[48;2;61;23;38mﬂ[38;2;77;26;41m[48;2;112;26;42mﬂ[38;2;124;22;42m[48;2;188;92;67mﬂ[38;2;176;93;59m[48;2;156;103;60mﬂ[38;2;108;71;39m[48;2;142;83;41mﬂ[38;2;201;161;60m[48;2;139;101;46mﬂ[38;2;132;111;65m[48;2;100;82;50mﬂ[38;2;86;59;41m[48;2;86;59;41mﬂ[38;2;1;17;40m[48;2;2;19;43mﬂ[38;2;3;17;38m[48;2;2;20;43mﬂ[38;2;56;48;48m[48;2;1;19;42mﬂ[38;2;0;16;40m[48;2;1;19;43mﬂ[38;2;1;16;39m[48;2;1;19;42mﬂ[38;2;1;17;39m[48;2;1;19;42mﬂ[38;2;1;17;40m[48;2;1;19;43mﬂ[38;2;42;34;34m[48;2;41;34;34mﬂ[38;2;158;55;45m[48;2;78;52;29mﬂ[38;2;178;5;49m[48;2;8;15;36mﬂ[38;2;177;7;47m[48;2;53;10;31mﬂ[38;2;150;15;39m[48;2;33;13;32mﬂ[38;2;37;11;27m[48;2;3;21;45mﬂ[38;2;3;13;34m[48;2;39;27;29mﬂ[38;2;105;46;31m[48;2;83;44;31mﬂ[38;2;194;25;46m[48;2;44;8;19mﬂ[38;2;158;7;43m[48;2;70;15;29mﬂ[38;2;111;4;43m[48;2;42;8;29mﬂ[38;2;47;4;35m[48;2;24;5;24mﬂ[38;2;66;6;38m[48;2;0;0;0mﬂ[38;2;22;9;24m[48;2;17;3;13mﬂ[38;2;1;17;40m[48;2;3;15;36mﬂ[38;2;1;17;42m[48;2;3;20;44mﬂ[38;2;2;19;42m[48;2;2;18;39mﬂ[38;2;29;9;26m[48;2;97;46;38mﬂ[38;2;60;12;25m[48;2;124;17;41mﬂ[38;2;135;56;23m[48;2;0;0;0mﬂ[38;2;160;58;26m[48;2;60;16;19mﬂ[38;2;130;41;24m[48;2;119;38;27mﬂ[38;2;167;56;33m[48;2;110;35;29mﬂ[38;2;55;16;22m[48;2;81;38;28mﬂ[38;2;90;33;28m[48;2;198;57;40mﬂ[38;2;179;32;39m[48;2;126;4;39mﬂ[38;2;104;4;38m[48;2;82;6;31mﬂ[38;2;93;7;30m[48;2;0;0;0mﬂ[38;2;28;3;13m[48;2;13;1;14mﬂ[38;2;214;21;47m[48;2;132;6;41mﬂ[38;2;193;16;45m[48;2;151;5;44mﬂ[38;2;126;4;39m[48;2;98;3;38mﬂ[38;2;132;5;43m[48;2;59;4;34mﬂ[38;2;128;3;43m[48;2;82;2;36mﬂ[38;2;86;6;37m[48;2;84;4;35mﬂ[38;2;93;14;37m[48;2;49;5;27mﬂ[38;2;169;70;33m[48;2;152;11;46mﬂ[38;2;110;63;29m[48;2;93;23;28mﬂ[38;2;1;5;16m[48;2;122;70;27mﬂ[38;2;1;14;37m[48;2;75;55;35mﬂ[38;2;1;17;41m[48;2;3;20;44mﬂ[38;2;1;17;42m[48;2;2;20;45mﬂ[38;2;20;8;22m[48;2;1;13;30mﬂ[38;2;113;10;31m[48;2;98;14;29mﬂ[38;2;2;10;26m[48;2;1;12;28mﬂ[38;2;2;17;37m[48;2;3;20;42mﬂ[38;2;26;23;27m[48;2;125;64;39mﬂ[38;2;3;11;30m[48;2;130;10;32mﬂ[38;2;2;16;38m[48;2;122;18;37mﬂ[38;2;1;17;40m[48;2;5;12;28mﬂ[38;2;1;17;39m[48;2;2;19;41mﬂ[38;2;1;17;39m[48;2;2;14;32mﬂ[38;2;1;17;40m[48;2;2;14;35mﬂ[38;2;38;31;35m[48;2;38;32;36mﬂ[38;2;121;90;52m[48;2;107;77;44mﬂ[38;2;231;184;65m[48;2;142;109;52mﬂ[38;2;115;74;42m[48;2;138;81;41mﬂ[38;2;142;89;52m[48;2;150;102;53mﬂ[38;2;142;24;44m[48;2;185;91;62mﬂ[38;2;78;23;39m[48;2;136;32;47mﬂ[38;2;46;24;36m[48;2;60;18;33mﬂ[0m
  [38;2;105;25;41m[48;2;126;29;40mﬂ[38;2;187;93;71m[48;2;154;103;65mﬂ[38;2;134;89;45m[48;2;162;99;46mﬂ[38;2;141;72;37m[48;2;144;71;43mﬂ[38;2;181;82;63m[48;2;212;42;55mﬂ[38;2;156;84;50m[48;2;153;60;46mﬂ[38;2;58;37;25m[48;2;102;66;41mﬂ[38;2;86;60;41m[48;2;87;60;41mﬂ[38;2;3;21;45m[48;2;2;23;47mﬂ[38;2;1;21;45m[48;2;3;23;47mﬂ[38;2;1;20;45m[48;2;2;22;46mﬂ[38;2;1;20;44m[48;2;2;22;46mﬂ[38;2;1;20;44m[48;2;2;22;47mﬂﬂ[38;2;1;21;46m[48;2;3;23;48mﬂ[38;2;39;33;35m[48;2;41;24;33mﬂ[38;2;71;50;30m[48;2;77;31;34mﬂ[38;2;1;21;45m[48;2;2;23;46mﬂ[38;2;2;22;47m[48;2;2;23;47mﬂ[38;2;3;23;47m[48;2;3;23;48mﬂ[38;2;3;23;47m[48;2;4;23;47mﬂ[38;2;3;15;36m[48;2;3;15;35mﬂ[38;2;105;74;58m[48;2;135;92;61mﬂ[38;2;46;32;32m[48;2;87;63;63mﬂ[38;2;66;50;53m[48;2;82;62;63mﬂ[38;2;39;33;44m[48;2;49;43;55mﬂ[38;2;21;28;45m[48;2;20;28;43mﬂ[38;2;0;0;0m[48;2;2;0;15mﬂ[38;2;26;17;26m[48;2;39;21;34mﬂ[38;2;3;22;45m[48;2;26;14;25mﬂ[38;2;3;24;47m[48;2;46;21;30mﬂ[38;2;21;17;24m[48;2;163;61;44mﬂ[38;2;165;71;42m[48;2;118;13;33mﬂ[38;2;77;4;30m[48;2;9;6;16mﬂ[38;2;7;5;17m[48;2;10;20;39mﬂ[38;2;3;9;22m[48;2;124;28;38mﬂ[38;2;3;6;19m[48;2;119;22;27mﬂ[38;2;62;25;22m[48;2;184;59;42mﬂ[38;2;201;90;58m[48;2;200;10;40mﬂ[38;2;152;15;40m[48;2;83;3;34mﬂ[38;2;59;4;29m[48;2;0;0;0mﬂ[38;2;61;19;26m[48;2;0;0;0mﬂ[38;2;54;18;22m[48;2;37;10;18mﬂ[38;2;15;4;16m[48;2;55;9;20mﬂ[38;2;18;1;14m[48;2;35;3;18mﬂ[38;2;113;3;40m[48;2;50;4;27mﬂ[38;2;121;2;45m[48;2;92;6;39mﬂ[38;2;58;2;30m[48;2;77;4;36mﬂ[38;2;41;2;25m[48;2;27;3;21mﬂ[38;2;73;3;37m[48;2;26;3;22mﬂ[38;2;17;3;18m[48;2;10;2;14mﬂ[38;2;111;9;39m[48;2;64;4;35mﬂ[38;2;166;17;39m[48;2;131;6;43mﬂ[38;2;142;35;33m[48;2;189;18;43mﬂ[38;2;47;13;17m[48;2;152;42;33mﬂ[38;2;61;50;34m[48;2;107;58;29mﬂ[38;2;14;25;40m[48;2;16;22;32mﬂ[38;2;3;15;30m[48;2;5;17;34mﬂ[38;2;99;15;28m[48;2;24;12;30mﬂ[38;2;2;13;32m[48;2;3;23;48mﬂ[38;2;3;21;44m[48;2;5;21;45mﬂ[38;2;115;50;35m[48;2;98;55;28mﬂ[38;2;110;5;36m[48;2;4;9;21mﬂ[38;2;155;12;49m[48;2;18;13;32mﬂ[38;2;169;13;53m[48;2;153;15;52mﬂ[38;2;78;12;30m[48;2;168;11;50mﬂ[38;2;89;11;32m[48;2;62;12;33mﬂ[38;2;27;13;30m[48;2;3;22;47mﬂ[38;2;38;33;36m[48;2;38;33;36mﬂ[38;2;88;58;30m[48;2;107;72;40mﬂ[38;2;139;83;46m[48;2;149;74;50mﬂ[38;2;184;72;55m[48;2;204;41;58mﬂ[38;2;129;63;30m[48;2;155;61;42mﬂ[38;2;138;92;50m[48;2;158;93;42mﬂ[38;2;177;96;62m[48;2;141;104;56mﬂ[38;2;120;31;45m[48;2;150;46;48mﬂ[0m
  [38;2;74;23;37m[48;2;54;24;37mﬂ[38;2;159;40;46m[48;2;90;25;41mﬂ[38;2;158;107;75m[48;2;178;48;52mﬂ[38;2;142;82;45m[48;2;149;100;65mﬂ[38;2;140;73;35m[48;2;116;72;35mﬂ[38;2;117;73;37m[48;2;166;132;51mﬂ[38;2;58;44;28m[48;2;132;112;66mﬂ[38;2;87;61;41m[48;2;89;61;42mﬂ[38;2;7;25;49m[48;2;15;27;53mﬂ[38;2;7;26;50m[48;2;15;27;54mﬂ[38;2;6;25;49m[48;2;16;29;54mﬂ[38;2;6;24;49m[48;2;15;28;54mﬂ[38;2;6;24;49m[48;2;14;27;53mﬂ[38;2;7;25;49m[48;2;14;28;53mﬂ[38;2;7;21;41m[48;2;21;26;37mﬂ[38;2;116;68;36m[48;2;154;79;37mﬂ[38;2;107;11;38m[48;2;110;7;38mﬂ[38;2;6;20;42m[48;2;20;17;39mﬂ[38;2;7;25;50m[48;2;16;28;55mﬂ[38;2;8;25;50m[48;2;15;27;53mﬂ[38;2;8;26;50m[48;2;15;28;54mﬂ[38;2;7;19;40m[48;2;16;27;53mﬂ[38;2;128;86;56m[48;2;29;21;28mﬂ[38;2;92;62;55m[48;2;44;36;41mﬂ[38;2;69;49;55m[48;2;33;32;44mﬂ[38;2;41;36;48m[48;2;26;26;40mﬂ[38;2;21;26;39m[48;2;7;9;23mﬂ[38;2;4;6;19m[48;2;8;9;17mﬂ[38;2;84;34;26m[48;2;87;67;25mﬂ[38;2;129;32;27m[48;2;80;56;34mﬂ[38;2;123;46;34m[48;2;99;75;43mﬂ[38;2;114;21;31m[48;2;41;30;21mﬂ[38;2;62;28;32m[48;2;148;101;63mﬂ[38;2;42;32;32m[48;2;106;72;53mﬂ[38;2;35;27;25m[48;2;13;10;18mﬂ[38;2;140;73;40m[48;2;48;39;24mﬂ[38;2;170;53;43m[48;2;107;83;48mﬂ[38;2;101;23;26m[48;2;85;63;42mﬂ[38;2;102;11;28m[48;2;0;0;0mﬂ[38;2;26;6;24m[48;2;20;22;35mﬂ[38;2;8;5;15m[48;2;26;22;35mﬂ[38;2;17;12;19m[48;2;40;31;41mﬂ[38;2;101;45;26m[48;2;33;26;16mﬂ[38;2;131;31;37m[48;2;101;78;31mﬂ[38;2;135;15;36m[48;2;88;56;27mﬂ[38;2;189;18;50m[48;2;44;5;15mﬂ[38;2;104;10;40m[48;2;27;2;22mﬂ[38;2;93;6;40m[48;2;37;8;30mﬂ[38;2;19;3;19m[48;2;8;3;16mﬂ[38;2;0;0;0m[48;2;15;15;27mﬂ[38;2;50;13;20m[48;2;20;12;22mﬂ[38;2;68;17;25m[48;2;89;25;22mﬂ[38;2;62;6;34m[48;2;104;26;29mﬂ[38;2;114;5;41m[48;2;61;5;34mﬂ[38;2;202;22;47m[48;2;145;11;39mﬂ[38;2;89;22;22m[48;2;177;31;40mﬂ[38;2;91;58;32m[48;2;104;33;29mﬂ[38;2;17;26;41m[48;2;42;28;37mﬂ[38;2;7;25;51m[48;2;15;28;55mﬂ[38;2;8;26;52m[48;2;15;28;54mﬂ[38;2;8;23;45m[48;2;12;24;47mﬂ[38;2;93;48;27m[48;2;90;21;28mﬂ[38;2;7;13;27m[48;2;12;14;28mﬂ[38;2;8;26;50m[48;2;15;28;54mﬂ[38;2;8;21;40m[48;2;14;28;54mﬂ[38;2;8;20;40m[48;2;15;28;54mﬂ[38;2;8;26;50m[48;2;16;29;54mﬂ[38;2;7;25;50m[48;2;13;29;54mﬂ[38;2;40;34;36m[48;2;41;35;37mﬂ[38;2;87;60;32m[48;2;120;91;52mﬂ[38;2;103;69;36m[48;2;188;157;61mﬂ[38;2;146;78;38m[48;2;116;71;36mﬂ[38;2;138;77;41m[48;2;123;94;55mﬂ[38;2;146;98;60m[48;2;189;57;55mﬂ[38;2;185;59;53m[48;2;102;21;39mﬂ[38;2;77;20;35m[48;2;52;20;34mﬂ[0m
  [38;2;44;26;38m[48;2;29;20;30mﬂ[38;2;64;17;31m[48;2;60;32;44mﬂ[38;2;100;21;38m[48;2;104;30;47mﬂ[38;2;185;84;60m[48;2;182;82;58mﬂ[38;2;112;73;39m[48;2;109;72;40mﬂ[38;2;201;159;59m[48;2;202;161;62mﬂ[38;2;130;111;65m[48;2;132;112;66mﬂ[38;2;89;61;42m[48;2;89;60;42mﬂ[38;2;21;28;55m[48;2;26;28;55mﬂ[38;2;22;26;51m[48;2;27;29;55mﬂ[38;2;74;65;61m[48;2;28;29;57mﬂ[38;2;23;28;57m[48;2;28;29;56mﬂ[38;2;22;28;55m[48;2;28;29;56mﬂ[38;2;18;25;50m[48;2;30;27;41mﬂ[38;2;81;55;32m[48;2;192;90;48mﬂ[38;2;201;56;49m[48;2;163;9;41mﬂ[38;2;88;7;38m[48;2;81;6;35mﬂ[38;2;54;10;31m[48;2;58;6;30mﬂ[38;2;23;29;57m[48;2;24;21;42mﬂ[38;2;24;29;55m[48;2;32;31;58mﬂ[38;2;69;57;55m[48;2;31;32;58mﬂ[38;2;23;29;56m[48;2;30;31;57mﬂ[38;2;61;45;30m[48;2;64;46;27mﬂ[38;2;120;77;53m[48;2;106;72;35mﬂ[38;2;53;41;49m[48;2;105;76;45mﬂ[38;2;24;25;38m[48;2;27;28;40mﬂ[38;2;3;3;18m[48;2;8;10;20mﬂ[38;2;3;4;17m[48;2;15;19;35mﬂ[38;2;62;40;25m[48;2;87;56;35mﬂ[38;2;50;38;43m[48;2;90;60;48mﬂ[38;2;44;33;40m[48;2;50;40;48mﬂ[38;2;83;53;42m[48;2;59;48;56mﬂ[38;2;98;66;58m[48;2;46;39;52mﬂ[38;2;90;59;56m[48;2;46;38;48mﬂ[38;2;108;68;49m[48;2;42;35;46mﬂ[38;2;58;42;51m[48;2;43;38;51mﬂ[38;2;38;26;33m[48;2;50;40;52mﬂ[38;2;60;42;50m[48;2;48;39;47mﬂ[38;2;49;35;40m[48;2;31;26;37mﬂ[38;2;14;19;35m[48;2;8;10;24mﬂ[38;2;20;24;40m[48;2;9;11;22mﬂ[38;2;13;13;29m[48;2;10;13;27mﬂ[38;2;8;12;28m[48;2;9;12;30mﬂ[38;2;4;5;18m[48;2;8;13;27mﬂ[38;2;22;12;16m[48;2;9;12;25mﬂ[38;2;1;0;14m[48;2;11;14;33mﬂ[38;2;10;12;27m[48;2;11;14;32mﬂ[38;2;5;7;22m[48;2;9;11;26mﬂ[38;2;4;6;21m[48;2;9;12;27mﬂ[38;2;14;18;36m[48;2;11;15;34mﬂ[38;2;41;19;26m[48;2;44;23;36mﬂ[38;2;20;16;29m[48;2;19;19;40mﬂ[38;2;100;31;31m[48;2;24;21;39mﬂ[38;2;86;27;25m[48;2;101;31;26mﬂ[38;2;92;3;35m[48;2;66;4;27mﬂ[38;2;207;44;44m[48;2;192;51;41mﬂ[38;2;118;11;32m[48;2;130;16;31mﬂ[38;2;36;32;37m[48;2;104;56;28mﬂ[38;2;21;28;54m[48;2;23;23;44mﬂ[38;2;22;28;54m[48;2;29;29;53mﬂ[38;2;20;16;32m[48;2;28;11;26mﬂ[38;2;118;16;36m[48;2;100;12;38mﬂ[38;2;94;44;29m[48;2;159;55;37mﬂ[38;2;22;29;55m[48;2;31;28;51mﬂ[38;2;22;29;56m[48;2;27;30;55mﬂ[38;2;22;29;56m[48;2;27;29;55mﬂ[38;2;28;29;53m[48;2;27;29;55mﬂ[38;2;21;28;54m[48;2;26;29;55mﬂ[38;2;44;35;37m[48;2;46;35;38mﬂ[38;2;119;89;52m[48;2;118;88;51mﬂ[38;2;228;186;69m[48;2;230;188;71mﬂ[38;2;113;73;41m[48;2;110;70;40mﬂ[38;2;155;85;50m[48;2;152;85;52mﬂ[38;2;121;21;41m[48;2;107;19;37mﬂ[38;2;67;20;34m[48;2;48;14;25mﬂ[38;2;46;27;39m[48;2;42;32;44mﬂ[0m
  [38;2;40;36;47m[48;2;37;29;40mﬂ[38;2;59;33;45m[48;2;55;27;40mﬂ[38;2;96;28;44m[48;2;96;26;42mﬂ[38;2;181;83;57m[48;2;182;83;58mﬂ[38;2;111;72;40m[48;2;110;72;40mﬂ[38;2;199;143;52m[48;2;198;129;42mﬂ[38;2;132;110;64m[48;2;132;108;60mﬂ[38;2;90;60;42m[48;2;93;61;43mﬂ[38;2;35;28;54m[48;2;52;29;56mﬂ[38;2;36;29;55m[48;2;52;29;55mﬂﬂ[38;2;36;30;55m[48;2;51;28;53mﬂ[38;2;37;31;55m[48;2;51;34;42mﬂ[38;2;85;61;37m[48;2;161;83;38mﬂ[38;2;199;45;47m[48;2;203;22;49mﬂ[38;2;155;8;43m[48;2;161;8;45mﬂ[38;2;86;6;37m[48;2;96;5;39mﬂ[38;2;52;6;31m[48;2;35;3;33mﬂ[38;2;46;9;28m[48;2;56;5;31mﬂ[38;2;39;31;57m[48;2;40;16;35mﬂ[38;2;40;31;57m[48;2;54;29;55mﬂ[38;2;41;31;57m[48;2;56;31;57mﬂ[38;2;56;38;30m[48;2;71;48;34mﬂ[38;2;99;65;38m[48;2;105;74;57mﬂ[38;2;95;71;48m[48;2;40;40;56mﬂ[38;2;31;36;54m[48;2;27;31;47mﬂ[38;2;7;10;20m[48;2;5;5;20mﬂ[38;2;13;16;27m[48;2;31;8;26mﬂ[38;2;40;25;41m[48;2;43;5;27mﬂ[38;2;41;27;27m[48;2;85;60;42mﬂ[38;2;35;30;35m[48;2;106;57;53mﬂ[38;2;11;12;27m[48;2;118;75;41mﬂ[38;2;16;20;36m[48;2;39;35;45mﬂ[38;2;23;20;28m[48;2;133;58;42mﬂ[38;2;12;14;25m[48;2;83;74;52mﬂ[38;2;20;23;39m[48;2;48;34;46mﬂ[38;2;35;27;36m[48;2;169;96;60mﬂ[38;2;17;19;31m[48;2;24;19;29mﬂ[38;2;19;21;34m[48;2;35;33;46mﬂ[38;2;6;9;26m[48;2;4;6;19mﬂ[38;2;0;0;0m[48;2;56;43;27mﬂ[38;2;12;10;21m[48;2;112;58;43mﬂ[38;2;0;0;0m[48;2;2;5;18mﬂ[38;2;3;2;15m[48;2;105;73;38mﬂ[38;2;7;8;18m[48;2;59;7;22mﬂ[38;2;0;0;0m[48;2;3;5;14mﬂ[38;2;4;3;14m[48;2;102;51;45mﬂ[38;2;2;1;14m[48;2;16;7;20mﬂ[38;2;0;0;0m[48;2;82;40;37mﬂ[38;2;18;9;17m[48;2;39;17;27mﬂ[38;2;27;15;29m[48;2;41;22;30mﬂ[38;2;33;26;51m[48;2;53;29;55mﬂ[38;2;34;27;53m[48;2;54;30;56mﬂ[38;2;50;21;30m[48;2;30;16;33mﬂ[38;2;104;26;31m[48;2;113;12;31mﬂ[38;2;194;35;48m[48;2;208;37;41mﬂ[38;2;126;13;34m[48;2;110;13;34mﬂ[38;2;74;51;20m[48;2;93;40;23mﬂ[38;2;31;23;43m[48;2;45;24;44mﬂ[38;2;29;20;40m[48;2;47;12;32mﬂ[38;2;63;4;29m[48;2;59;7;37mﬂ[38;2;91;4;39m[48;2;79;3;38mﬂ[38;2;189;54;46m[48;2;141;8;39mﬂ[38;2;39;18;26m[48;2;148;49;33mﬂ[38;2;37;30;56m[48;2;44;25;47mﬂ[38;2;36;30;55m[48;2;49;28;54mﬂ[38;2;36;29;54m[48;2;50;28;55mﬂ[38;2;35;29;55m[48;2;48;29;55mﬂ[38;2;50;36;38m[48;2;54;36;38mﬂ[38;2;118;87;50m[48;2;119;86;48mﬂ[38;2;228;167;60m[48;2;229;153;48mﬂ[38;2;110;70;41m[48;2;111;69;40mﬂ[38;2;153;86;53m[48;2;153;86;53mﬂ[38;2;103;21;40m[48;2;103;22;40mﬂ[38;2;60;30;43m[48;2;54;25;37mﬂ[38;2;33;25;35m[48;2;40;33;44mﬂ[0m
  [38;2;42;37;46m[48;2;37;30;40mﬂ[38;2;53;26;38m[48;2;57;29;41mﬂ[38;2;98;30;44m[48;2;94;27;41mﬂ[38;2;181;84;59m[48;2;181;84;58mﬂ[38;2;110;72;40m[48;2;109;70;38mﬂ[38;2;196;123;36m[48;2;190;92;27mﬂ[38;2;131;104;55m[48;2;132;91;45mﬂ[38;2;95;61;43m[48;2;96;62;42mﬂ[38;2;64;30;55m[48;2;75;30;55mﬂ[38;2;64;30;55m[48;2;77;29;56mﬂ[38;2;64;30;55m[48;2;76;30;56mﬂ[38;2;37;17;32m[48;2;33;12;24mﬂ[38;2;123;47;35m[48;2;63;40;22mﬂ[38;2;174;40;36m[48;2;34;22;14mﬂ[38;2;124;10;38m[48;2;65;44;38mﬂ[38;2;112;6;38m[48;2;30;22;29mﬂ[38;2;79;4;36m[48;2;34;26;35mﬂ[38;2;45;4;31m[48;2;18;21;35mﬂ[38;2;24;1;23m[48;2;0;0;0mﬂ[38;2;75;9;33m[48;2;27;15;23mﬂ[38;2;41;16;35m[48;2;57;20;39mﬂ[38;2;69;29;56m[48;2;80;30;53mﬂ[38;2;69;44;31m[48;2;64;39;32mﬂ[38;2;110;77;60m[48;2;87;64;58mﬂ[38;2;35;36;50m[48;2;26;30;46mﬂ[38;2;16;20;31m[48;2;39;13;21mﬂ[38;2;21;2;18m[48;2;117;4;38mﬂ[38;2;83;5;41m[48;2;122;5;43mﬂ[38;2;66;3;37m[48;2;105;8;44mﬂ[38;2;90;62;39m[48;2;78;51;35mﬂ[38;2;120;52;50m[48;2;105;63;53mﬂ[38;2;160;102;41m[48;2;108;72;44mﬂ[38;2;34;30;41m[48;2;35;33;49mﬂ[38;2;152;60;36m[48;2;104;51;40mﬂ[38;2;114;100;56m[48;2;72;56;37mﬂ[38;2;45;26;38m[48;2;39;29;41mﬂ[38;2;204;116;63m[48;2;142;83;55mﬂ[38;2;32;25;35m[48;2;35;25;32mﬂ[38;2;45;39;48m[48;2;33;32;44mﬂ[38;2;4;6;19m[48;2;7;11;29mﬂ[38;2;77;67;33m[48;2;43;34;26mﬂ[38;2;160;90;53m[48;2;91;48;39mﬂ[38;2;2;5;20m[48;2;2;5;22mﬂ[38;2;144;106;44m[48;2;81;51;32mﬂ[38;2;77;6;23m[48;2;60;22;22mﬂ[38;2;3;6;18m[48;2;148;88;39mﬂ[38;2;151;98;58m[48;2;144;89;35mﬂ[38;2;15;4;11m[48;2;142;86;34mﬂ[38;2;123;80;41m[48;2;144;84;32mﬂ[38;2;37;13;27m[48;2;147;77;34mﬂ[38;2;36;18;26m[48;2;143;53;28mﬂ[38;2;51;24;43m[48;2;143;90;30mﬂ[38;2;57;25;45m[48;2;150;63;25mﬂ[38;2;86;21;29m[48;2;212;56;40mﬂ[38;2;192;34;35m[48;2;157;28;41mﬂ[38;2;147;21;40m[48;2;70;10;33mﬂ[38;2;95;31;30m[48;2;67;27;21mﬂ[38;2;67;31;33m[48;2;49;22;37mﬂ[38;2;51;21;38m[48;2;69;8;31mﬂ[38;2;68;6;31m[48;2;50;6;33mﬂ[38;2;36;5;33m[48;2;41;5;29mﬂ[38;2;83;4;37m[48;2;66;4;31mﬂ[38;2;129;7;43m[48;2;113;7;40mﬂ[38;2;190;47;41m[48;2;141;10;37mﬂ[38;2;52;20;28m[48;2;157;46;37mﬂ[38;2;60;28;53m[48;2;52;21;36mﬂ[38;2;62;30;55m[48;2;72;28;54mﬂ[38;2;61;30;55m[48;2;72;29;55mﬂ[38;2;58;37;38m[48;2;61;36;37mﬂ[38;2;118;85;47m[48;2;120;82;44mﬂ[38;2;226;147;44m[48;2;220;111;32mﬂ[38;2;110;70;40m[48;2;112;70;40mﬂ[38;2;152;85;53m[48;2;153;85;54mﬂ[38;2;102;20;39m[48;2;101;20;38mﬂ[38;2;55;26;38m[48;2;57;26;38mﬂ[38;2;36;29;39m[48;2;41;34;43mﬂ[0m
  [38;2;37;30;40m[48;2;38;29;39mﬂ[38;2;53;25;37m[48;2;58;28;40mﬂ[38;2;95;26;41m[48;2;96;25;42mﬂ[38;2;182;86;60m[48;2;183;85;59mﬂ[38;2;108;70;38m[48;2;107;70;38mﬂ[38;2;192;92;29m[48;2;193;89;28mﬂ[38;2;133;91;43m[48;2;132;86;40mﬂ[38;2;96;61;41m[48;2;99;61;42mﬂ[38;2;86;30;54m[48;2;96;29;54mﬂ[38;2;87;28;54m[48;2;97;28;53mﬂ[38;2;88;29;55m[48;2;99;29;54mﬂ[38;2;56;20;36m[48;2;62;19;35mﬂ[38;2;115;74;42m[48;2;140;91;56mﬂ[38;2;67;43;28m[48;2;111;73;62mﬂ[38;2;116;75;57m[48;2;71;50;54mﬂ[38;2;53;38;41m[48;2;64;47;51mﬂ[38;2;58;43;46m[48;2;52;42;49mﬂ[38;2;24;30;48m[48;2;15;19;34mﬂ[38;2;5;8;21m[48;2;7;10;27mﬂ[38;2;38;21;30m[48;2;33;20;30mﬂ[38;2;88;29;52m[48;2;100;28;50mﬂ[38;2;91;29;52m[48;2;106;29;52mﬂ[38;2;59;34;29m[48;2;50;28;30mﬂ[38;2;60;46;49m[48;2;34;30;39mﬂ[38;2;24;10;25m[48;2;4;6;17mﬂ[38;2;159;9;37m[48;2;21;18;31mﬂ[38;2;169;4;40m[48;2;31;28;38mﬂ[38;2;138;5;38m[48;2;28;26;35mﬂ[38;2;107;8;39m[48;2;17;19;30mﬂ[38;2;94;59;37m[48;2;91;59;39mﬂ[38;2;79;58;51m[48;2;80;62;59mﬂ[38;2;35;30;42m[48;2;57;48;56mﬂ[38;2;65;51;59m[48;2;61;49;55mﬂ[38;2;29;28;45m[48;2;48;42;53mﬂ[38;2;30;25;34m[48;2;86;60;38mﬂ[38;2;31;28;40m[48;2;117;82;44mﬂ[38;2;25;22;36m[48;2;0;0;0mﬂ[38;2;30;28;41m[48;2;131;94;58mﬂ[38;2;37;34;47m[48;2;118;81;48mﬂ[38;2;7;11;29m[48;2;26;19;20mﬂ[38;2;1;4;18m[48;2;75;47;34mﬂ[38;2;0;0;0m[48;2;52;30;29mﬂ[38;2;5;4;14m[48;2;44;28;15mﬂ[38;2;117;70;30m[48;2;222;101;48mﬂ[38;2;220;87;43m[48;2;131;6;37mﬂ[38;2;186;58;45m[48;2;38;8;19mﬂ[38;2;137;13;39m[48;2;55;17;19mﬂ[38;2;136;12;42m[48;2;57;18;20mﬂ[38;2;136;14;43m[48;2;58;19;20mﬂ[38;2;147;23;44m[48;2;83;26;28mﬂ[38;2;178;45;46m[48;2;97;28;29mﬂ[38;2;145;9;39m[48;2;103;30;29mﬂ[38;2;142;15;40m[48;2;95;27;28mﬂ[38;2;97;7;36m[48;2;74;22;22mﬂ[38;2;94;13;36m[48;2;47;14;19mﬂ[38;2;96;35;30m[48;2;87;23;40mﬂ[38;2;76;26;38m[48;2;109;28;51mﬂ[38;2;55;18;34m[48;2;76;23;38mﬂ[38;2;36;16;28m[48;2;49;22;29mﬂ[38;2;0;0;0m[48;2;6;9;20mﬂ[38;2;10;12;22m[48;2;17;23;39mﬂ[38;2;9;10;19m[48;2;33;32;47mﬂ[38;2;16;13;22m[48;2;41;34;45mﬂ[38;2;63;34;32m[48;2;100;58;52mﬂ[38;2;53;25;22m[48;2;117;58;44mﬂ[38;2;39;18;24m[48;2;65;29;35mﬂ[38;2;78;26;50m[48;2;93;28;53mﬂ[38;2;82;28;53m[48;2;92;28;52mﬂ[38;2;64;35;36m[48;2;69;36;37mﬂ[38;2;120;80;43m[48;2;119;78;42mﬂ[38;2;220;110;32m[48;2;220;107;30mﬂ[38;2;113;68;39m[48;2;112;67;40mﬂ[38;2;152;86;53m[48;2;153;86;54mﬂ[38;2;103;22;39m[48;2;102;20;39mﬂ[38;2;56;25;36m[48;2;56;24;37mﬂ[38;2;36;28;38m[48;2;37;28;38mﬂ[0m
  [38;2;33;23;33m[48;2;38;29;39mﬂ[38;2;57;26;38m[48;2;57;25;36mﬂ[38;2;99;26;42m[48;2;98;26;43mﬂ[38;2;182;86;58m[48;2;183;86;57mﬂ[38;2;108;69;38m[48;2;105;67;36mﬂ[38;2;193;90;28m[48;2;176;65;29mﬂ[38;2;131;84;40m[48;2;130;81;40mﬂ[38;2;101;61;41m[48;2;103;61;41mﬂ[38;2;108;29;52m[48;2;117;28;52mﬂ[38;2;107;29;52m[48;2;128;31;51mﬂ[38;2;107;30;52m[48;2;125;33;52mﬂ[38;2;94;28;45m[48;2;122;32;50mﬂ[38;2;31;16;24m[48;2;82;20;34mﬂ[38;2;21;18;30m[48;2;88;59;46mﬂ[38;2;15;14;26m[48;2;53;42;47mﬂ[38;2;12;12;18m[48;2;35;30;38mﬂ[38;2;11;11;18m[48;2;19;20;32mﬂ[38;2;7;10;26m[48;2;0;0;0mﬂ[38;2;2;1;14m[48;2;25;19;32mﬂ[38;2;33;9;23m[48;2;62;15;28mﬂ[38;2;116;29;49m[48;2;57;15;21mﬂ[38;2;116;30;49m[48;2;55;16;22mﬂ[38;2;42;23;34m[48;2;21;11;18mﬂ[38;2;30;32;50m[48;2;16;16;30mﬂ[38;2;5;6;16m[48;2;5;5;17mﬂ[38;2;49;36;39m[48;2;35;24;28mﬂ[38;2;58;43;47m[48;2;68;44;36mﬂ[38;2;59;46;50m[48;2;24;15;18mﬂ[38;2;53;43;48m[48;2;44;29;31mﬂ[38;2;77;50;34m[48;2;35;21;19mﬂ[38;2;75;60;60m[48;2;24;20;25mﬂ[38;2;53;48;57m[48;2;19;21;34mﬂ[38;2;40;37;47m[48;2;21;28;46mﬂ[38;2;54;43;49m[48;2;35;34;46mﬂ[38;2;122;82;44m[48;2;120;79;44mﬂ[38;2;149;103;66m[48;2;100;67;65mﬂ[38;2;126;85;55m[48;2;106;71;67mﬂ[38;2;138;97;69m[48;2;55;44;53mﬂ[38;2;66;51;59m[48;2;73;58;63mﬂ[38;2;76;50;45m[48;2;38;38;54mﬂ[38;2;73;44;47m[48;2;7;12;30mﬂ[38;2;31;18;33m[48;2;32;18;33mﬂ[38;2;143;52;22m[48;2;137;9;25mﬂ[38;2;146;8;39m[48;2;133;7;39mﬂ[38;2;16;1;17m[48;2;4;5;16mﬂ[38;2;0;0;0m[48;2;4;5;15mﬂ[38;2;12;16;29m[48;2;6;7;21mﬂ[38;2;8;10;24m[48;2;1;2;18mﬂ[38;2;4;4;17m[48;2;3;4;18mﬂ[38;2;0;0;0m[48;2;0;0;0mﬂ[38;2;0;0;0m[48;2;63;20;21mﬂ[38;2;0;0;0m[48;2;0;0;0mﬂﬂﬂ[38;2;53;14;25m[48;2;0;0;0mﬂ[38;2;84;21;34m[48;2;25;6;15mﬂ[38;2;117;31;50m[48;2;53;18;25mﬂ[38;2;81;24;36m[48;2;117;32;47mﬂ[38;2;46;22;31m[48;2;24;6;18mﬂ[38;2;9;11;28m[48;2;3;3;19mﬂ[38;2;15;20;40m[48;2;9;11;23mﬂ[38;2;21;28;49m[48;2;11;14;24mﬂ[38;2;40;37;51m[48;2;12;13;20mﬂ[38;2;55;44;52m[48;2;7;6;17mﬂ[38;2;127;68;57m[48;2;43;25;25mﬂ[38;2;65;29;33m[48;2;89;25;36mﬂ[38;2;105;29;51m[48;2;127;32;50mﬂ[38;2;104;29;52m[48;2;119;31;51mﬂ[38;2;72;35;36m[48;2;76;36;36mﬂ[38;2;118;77;41m[48;2;117;74;39mﬂ[38;2;222;106;30m[48;2;209;82;36mﬂ[38;2;111;67;39m[48;2;111;68;39mﬂ[38;2;153;86;52m[48;2;153;87;52mﬂ[38;2;101;18;36m[48;2;102;19;38mﬂ[38;2;56;23;35m[48;2;51;18;30mﬂ[38;2;27;16;25m[48;2;40;34;44mﬂ[0m
  [38;2;39;31;41m[48;2;35;23;34mﬂ[38;2;57;27;38m[48;2;55;23;35mﬂ[38;2;98;25;42m[48;2;96;24;40mﬂ[38;2;182;84;57m[48;2;181;84;57mﬂ[38;2;104;66;36m[48;2;104;66;36mﬂ[38;2;169;40;33m[48;2;170;40;34mﬂ[38;2;128;70;35m[48;2;128;70;36mﬂ[38;2;105;61;42m[48;2;103;60;40mﬂ[38;2;129;29;51m[48;2;140;31;48mﬂ[38;2;131;29;48m[48;2;142;32;46mﬂ[38;2;128;30;49m[48;2;141;32;47mﬂ[38;2;126;30;47m[48;2;133;30;45mﬂ[38;2;83;20;30m[48;2;87;20;30mﬂ[38;2;112;75;42m[48;2;105;68;36mﬂ[38;2;82;27;36m[48;2;180;76;36mﬂ[38;2;50;32;39m[48;2;96;78;44mﬂ[38;2;34;33;46m[48;2;29;35;52mﬂ[38;2;6;7;22m[48;2;27;24;27mﬂ[38;2;16;13;23m[48;2;0;0;0mﬂ[38;2;64;17;25m[48;2;65;37;30mﬂ[38;2;108;72;42m[48;2;81;53;31mﬂ[38;2;119;85;48m[48;2;127;83;63mﬂ[38;2;114;83;52m[48;2;43;35;44mﬂ[38;2;60;44;36m[48;2;57;46;49mﬂ[38;2;0;0;0m[48;2;82;60;47mﬂ[38;2;17;12;21m[48;2;137;100;61mﬂ[38;2;21;18;26m[48;2;75;56;46mﬂ[38;2;114;85;45m[48;2;91;63;37mﬂ[38;2;111;72;39m[48;2;103;65;51mﬂ[38;2;76;56;40m[48;2;24;22;37mﬂ[38;2;45;33;30m[48;2;16;18;35mﬂ[38;2;27;22;24m[48;2;34;27;24mﬂ[38;2;19;29;49m[48;2;12;15;29mﬂ[38;2;25;32;51m[48;2;31;30;37mﬂ[38;2;10;11;24m[48;2;37;29;30mﬂ[38;2;16;14;22m[48;2;79;57;41mﬂ[38;2;16;14;26m[48;2;47;34;36mﬂ[38;2;16;16;24m[48;2;43;35;41mﬂ[38;2;16;17;27m[48;2;27;26;35mﬂ[38;2;6;7;18m[48;2;12;15;27mﬂ[38;2;13;9;18m[48;2;17;9;24mﬂ[38;2;11;6;19m[48;2;15;7;20mﬂ[38;2;111;14;33m[48;2;15;5;13mﬂ[38;2;149;18;40m[48;2;95;8;32mﬂ[38;2;0;0;0m[48;2;142;18;39mﬂ[38;2;6;8;23m[48;2;67;26;29mﬂ[38;2;8;11;25m[48;2;22;17;28mﬂ[38;2;9;10;20m[48;2;37;28;36mﬂ[38;2;0;0;0m[48;2;42;27;32mﬂ[38;2;0;0;0m[48;2;129;28;32mﬂ[38;2;100;9;26m[48;2;114;21;32mﬂ[38;2;0;0;0m[48;2;9;6;15mﬂ[38;2;0;0;0m[48;2;16;12;16mﬂ[38;2;0;0;0m[48;2;48;32;34mﬂ[38;2;0;0;0m[48;2;57;44;52mﬂ[38;2;0;0;0m[48;2;65;31;31mﬂ[38;2;0;0;0m[48;2;40;21;25mﬂ[38;2;123;31;42m[48;2;59;16;24mﬂ[38;2;107;28;40m[48;2;60;19;22mﬂ[38;2;0;0;0m[48;2;0;0;0mﬂ[38;2;0;0;0m[48;2;17;16;24mﬂ[38;2;8;10;22m[48;2;23;28;46mﬂ[38;2;14;17;33m[48;2;77;52;38mﬂ[38;2;51;29;34m[48;2;91;40;33mﬂ[38;2;56;14;21m[48;2;67;13;19mﬂ[38;2;122;30;48m[48;2;131;31;45mﬂ[38;2;127;30;48m[48;2;135;31;46mﬂ[38;2;123;29;47m[48;2;135;31;46mﬂ[38;2;82;36;35m[48;2;81;35;34mﬂ[38;2;116;70;38m[48;2;117;70;38mﬂ[38;2;200;55;38m[48;2;200;55;39mﬂ[38;2;112;68;39m[48;2;113;67;38mﬂ[38;2;152;85;54m[48;2;151;85;54mﬂ[38;2;99;18;35m[48;2;96;17;34mﬂ[38;2;52;21;33m[48;2;46;17;28mﬂ[38;2;33;26;36m[48;2;31;23;32mﬂ[0m
  [38;2;35;25;34m[48;2;30;20;29mﬂ[38;2;51;21;33m[48;2;50;19;31mﬂ[38;2;95;23;40m[48;2;94;23;40mﬂ[38;2;182;84;58m[48;2;181;84;57mﬂ[38;2;104;65;36m[48;2;104;64;35mﬂ[38;2;171;40;33m[48;2;170;41;33mﬂ[38;2;130;71;36m[48;2;129;71;34mﬂ[38;2;106;60;39m[48;2;109;61;39mﬂ[38;2;155;35;45m[48;2;171;37;45mﬂ[38;2;153;34;44m[48;2;171;36;45mﬂ[38;2;155;34;46m[48;2;172;37;46mﬂ[38;2;155;33;45m[48;2;176;37;46mﬂ[38;2;105;22;30m[48;2;118;24;30mﬂ[38;2;108;67;35m[48;2;147;96;53mﬂ[38;2;88;39;24m[48;2;92;63;54mﬂ[38;2;49;39;30m[48;2;63;49;53mﬂ[38;2;19;24;38m[48;2;6;7;17mﬂ[38;2;75;56;40m[48;2;50;36;41mﬂ[38;2;0;0;0m[48;2;130;85;69mﬂ[38;2;139;102;70m[48;2;87;63;64mﬂ[38;2;17;15;23m[48;2;32;28;39mﬂ[38;2;28;23;32m[48;2;115;77;55mﬂ[38;2;9;12;24m[48;2;26;27;39mﬂ[38;2;34;30;41m[48;2;10;13;28mﬂ[38;2;106;74;61m[48;2;19;18;30mﬂ[38;2;97;69;62m[48;2;20;18;25mﬂ[38;2;80;60;61m[48;2;22;21;33mﬂ[38;2;19;17;26m[48;2;14;11;23mﬂ[38;2;29;26;35m[48;2;113;84;72mﬂ[38;2;9;11;27m[48;2;24;25;38mﬂ[38;2;0;0;15m[48;2;3;3;15mﬂ[38;2;105;78;59m[48;2;48;40;50mﬂ[38;2;34;23;21m[48;2;118;79;66mﬂ[38;2;107;72;44m[48;2;101;67;62mﬂ[38;2;81;59;41m[48;2;47;36;34mﬂ[38;2;152;104;65m[48;2;156;104;64mﬂ[38;2;100;73;67m[48;2;112;80;71mﬂ[38;2;64;35;31m[48;2;107;54;25mﬂ[38;2;77;43;37m[48;2;147;102;42mﬂ[38;2;10;16;35m[48;2;13;18;36mﬂ[38;2;30;16;32m[48;2;34;19;25mﬂ[38;2;27;13;25m[48;2;29;15;24mﬂ[38;2;14;21;39m[48;2;19;25;47mﬂ[38;2;0;0;0m[48;2;24;29;49mﬂ[38;2;92;4;32m[48;2;13;17;32mﬂ[38;2;168;29;43m[48;2;19;2;11mﬂ[38;2;134;42;35m[48;2;48;3;20mﬂ[38;2;131;42;34m[48;2;52;3;23mﬂ[38;2;129;32;32m[48;2;15;2;15mﬂ[38;2;81;17;23m[48;2;6;7;18mﬂ[38;2;0;0;0m[48;2;5;6;15mﬂ[38;2;36;31;44m[48;2;18;19;34mﬂ[38;2;34;34;47m[48;2;17;20;36mﬂ[38;2;44;43;55m[48;2;16;18;33mﬂ[38;2;15;24;43m[48;2;7;10;21mﬂ[38;2;72;41;48m[48;2;29;17;25mﬂ[38;2;59;33;36m[48;2;23;18;26mﬂ[38;2;17;11;19m[48;2;35;34;50mﬂ[38;2;53;30;30m[48;2;36;36;51mﬂ[38;2;36;26;31m[48;2;35;35;51mﬂ[38;2;24;21;31m[48;2;14;16;24mﬂ[38;2;19;28;46m[48;2;25;29;44mﬂ[38;2;132;112;48m[48;2;59;43;26mﬂ[38;2;90;36;25m[48;2;90;36;27mﬂ[38;2;87;15;20m[48;2;92;16;20mﬂ[38;2;156;32;44m[48;2;175;36;44mﬂ[38;2;148;32;45m[48;2;170;36;45mﬂ[38;2;155;34;45m[48;2;170;36;45mﬂ[38;2;89;37;33m[48;2;96;38;34mﬂ[38;2;117;69;37m[48;2;118;70;38mﬂ[38;2;200;55;39m[48;2;198;54;41mﬂ[38;2;114;67;39m[48;2;111;65;38mﬂ[38;2;151;84;53m[48;2;152;85;54mﬂ[38;2;96;17;33m[48;2;99;19;35mﬂ[38;2;47;17;29m[48;2;48;19;29mﬂ[38;2;33;25;35m[48;2;34;26;35mﬂ[0m
  [38;2;34;27;37m[48;2;36;27;37mﬂ[38;2;57;29;40m[48;2;57;26;38mﬂ[38;2;96;27;42m[48;2;96;25;40mﬂ[38;2;182;82;58m[48;2;182;82;58mﬂ[38;2;102;62;35m[48;2;100;62;34mﬂ[38;2;178;65;37m[48;2;120;7;38mﬂ[38;2;131;73;38m[48;2;112;34;34mﬂ[38;2;108;59;39m[48;2;107;57;37mﬂ[38;2;189;41;44m[48;2;210;55;46mﬂ[38;2;186;39;44m[48;2;216;57;43mﬂ[38;2;185;38;44m[48;2;214;55;41mﬂ[38;2;198;45;42m[48;2;212;55;42mﬂ[38;2;132;29;28m[48;2;135;36;28mﬂ[38;2;137;86;49m[48;2;135;85;50mﬂ[38;2;59;43;43m[48;2;100;71;61mﬂ[38;2;42;39;50m[48;2;46;40;51mﬂ[38;2;21;24;41m[48;2;10;11;29mﬂ[38;2;1;0;14m[48;2;0;0;0mﬂ[38;2;1;1;14m[48;2;24;29;47mﬂ[38;2;0;0;0m[48;2;43;39;51mﬂ[38;2;0;0;0m[48;2;8;14;29mﬂ[38;2;146;99;61m[48;2;159;109;60mﬂ[38;2;45;41;54m[48;2;52;46;48mﬂ[38;2;4;7;23m[48;2;5;8;23mﬂ[38;2;42;37;49m[48;2;37;35;48mﬂ[38;2;48;39;48m[48;2;101;75;61mﬂ[38;2;30;34;49m[48;2;50;44;52mﬂ[38;2;24;21;33m[48;2;16;15;23mﬂ[38;2;168;117;78m[48;2;189;131;75mﬂ[38;2;35;33;43m[48;2;39;35;45mﬂ[38;2;3;4;14m[48;2;7;9;24mﬂ[38;2;0;0;0m[48;2;4;6;20mﬂ[38;2;0;0;0m[48;2;28;29;45mﬂ[38;2;0;0;0m[48;2;39;35;47mﬂ[38;2;25;17;18m[48;2;35;29;33mﬂ[38;2;132;90;60m[48;2;148;103;67mﬂ[38;2;83;60;61m[48;2;75;56;54mﬂ[38;2;50;18;11m[48;2;101;73;59mﬂ[38;2;65;40;16m[48;2;69;49;46mﬂ[38;2;13;16;30m[48;2;18;16;28mﬂ[38;2;31;16;22m[48;2;35;18;29mﬂ[38;2;26;11;22m[48;2;32;15;28mﬂ[38;2;0;0;16m[48;2;11;16;33mﬂ[38;2;0;0;15m[48;2;6;9;24mﬂ[38;2;1;4;17m[48;2;10;15;31mﬂ[38;2;2;6;19m[48;2;7;9;23mﬂ[38;2;0;0;0m[48;2;0;0;0mﬂ[38;2;15;19;34m[48;2;15;17;29mﬂ[38;2;22;25;44m[48;2;39;30;40mﬂ[38;2;0;1;15m[48;2;7;12;30mﬂ[38;2;9;10;21m[48;2;8;11;29mﬂ[38;2;12;14;25m[48;2;10;15;28mﬂ[38;2;12;16;31m[48;2;6;7;16mﬂ[38;2;6;8;26m[48;2;7;8;19mﬂ[38;2;9;13;31m[48;2;25;31;48mﬂ[38;2;40;25;30m[48;2;65;34;35mﬂ[38;2;0;0;0m[48;2;9;13;29mﬂ[38;2;0;0;0m[48;2;7;10;23mﬂ[38;2;1;0;16m[48;2;12;16;28mﬂ[38;2;1;0;14m[48;2;1;3;14mﬂ[38;2;9;11;21m[48;2;11;13;29mﬂ[38;2;15;19;35m[48;2;27;27;42mﬂ[38;2;32;36;54m[48;2;30;31;47mﬂ[38;2;114;60;54m[48;2;105;55;52mﬂ[38;2;98;19;18m[48;2;98;22;17mﬂ[38;2;196;42;42m[48;2;215;56;40mﬂ[38;2;189;41;44m[48;2;177;46;40mﬂ[38;2;191;42;42m[48;2;189;52;45mﬂ[38;2;101;40;33m[48;2;106;42;32mﬂ[38;2;113;69;38m[48;2;103;51;33mﬂ[38;2;202;75;39m[48;2;142;10;42mﬂ[38;2;106;63;37m[48;2;105;64;37mﬂ[38;2;153;86;54m[48;2;152;87;54mﬂ[38;2;101;20;36m[48;2;103;21;38mﬂ[38;2;57;26;37m[48;2;59;25;37mﬂ[38;2;32;24;33m[48;2;34;26;36mﬂ[0m
  [38;2;35;26;35m[48;2;32;23;33mﬂ[38;2;58;28;40m[48;2;56;27;39mﬂ[38;2;95;24;40m[48;2;96;25;41mﬂ[38;2;180;80;57m[48;2;181;80;57mﬂ[38;2;101;61;34m[48;2;101;61;34mﬂ[38;2;122;8;41m[48;2;123;8;41mﬂ[38;2;113;34;36m[48;2;113;34;36mﬂ[38;2;111;59;38m[48;2;81;50;34mﬂ[38;2;98;39;43m[48;2;11;17;40mﬂ[38;2;115;38;39m[48;2;15;14;34mﬂ[38;2;216;59;38m[48;2;216;73;45mﬂ[38;2;127;41;40m[48;2;75;32;38mﬂ[38;2;8;8;22m[48;2;4;10;27mﬂ[38;2;142;88;51m[48;2;140;87;50mﬂ[38;2;72;55;57m[48;2;96;67;59mﬂ[38;2;55;49;62m[48;2;75;57;61mﬂ[38;2;22;26;40m[48;2;11;15;34mﬂ[38;2;0;0;0m[48;2;0;0;0mﬂ[38;2;40;35;45m[48;2;67;53;59mﬂ[38;2;74;58;61m[48;2;44;40;49mﬂ[38;2;22;23;35m[48;2;38;31;35mﬂ[38;2;141;92;55m[48;2;133;85;53mﬂ[38;2;45;39;49m[48;2;38;36;49mﬂ[38;2;14;12;23m[48;2;15;13;29mﬂ[38;2;70;50;52m[48;2;21;15;24mﬂ[38;2;35;23;30m[48;2;22;3;24mﬂ[38;2;84;59;56m[48;2;32;11;29mﬂ[38;2;39;29;32m[48;2;44;32;37mﬂ[38;2;175;117;75m[48;2;159;113;76mﬂ[38;2;36;33;45m[48;2;28;28;41mﬂ[38;2;3;3;16m[48;2;3;6;20mﬂ[38;2;7;7;18m[48;2;12;11;23mﬂ[38;2;39;34;44m[48;2;59;49;59mﬂ[38;2;72;52;53m[48;2;60;50;58mﬂ[38;2;42;32;34m[48;2;51;38;35mﬂ[38;2;153;106;68m[48;2;154;101;66mﬂ[38;2;82;63;61m[48;2;149;101;76mﬂ[38;2;65;50;57m[48;2;61;48;52mﬂ[38;2;19;23;41m[48;2;77;65;72mﬂ[38;2;18;21;38m[48;2;18;24;45mﬂ[38;2;37;19;34m[48;2;40;23;39mﬂ[38;2;31;12;24m[48;2;30;13;22mﬂ[38;2;0;0;0m[48;2;10;12;23mﬂ[38;2;8;11;23m[48;2;9;10;18mﬂ[38;2;7;9;19m[48;2;16;20;32mﬂ[38;2;15;20;36m[48;2;14;19;37mﬂ[38;2;0;0;0m[48;2;0;0;14mﬂ[38;2;10;20;37m[48;2;15;26;46mﬂ[38;2;60;40;46m[48;2;62;40;46mﬂ[38;2;5;12;32m[48;2;13;17;35mﬂ[38;2;22;29;48m[48;2;35;32;46mﬂ[38;2;45;41;54m[48;2;6;6;18mﬂ[38;2;26;29;45m[48;2;35;32;47mﬂ[38;2;8;12;24m[48;2;22;18;30mﬂ[38;2;42;41;53m[48;2;31;34;51mﬂ[38;2;71;36;40m[48;2;64;34;34mﬂ[38;2;9;11;28m[48;2;13;17;27mﬂ[38;2;8;10;19m[48;2;7;9;16mﬂ[38;2;13;16;25m[48;2;12;15;28mﬂ[38;2;5;7;16m[48;2;0;0;0mﬂ[38;2;7;10;28m[48;2;6;8;26mﬂ[38;2;20;25;44m[48;2;12;16;34mﬂ[38;2;39;35;51m[48;2;32;29;44mﬂ[38;2;99;50;48m[48;2;101;52;48mﬂ[38;2;101;25;17m[48;2;67;19;18mﬂ[38;2;223;59;37m[48;2;211;61;35mﬂ[38;2;157;49;40m[48;2;51;27;41mﬂ[38;2;68;28;37m[48;2;10;17;41mﬂ[38;2;112;50;36m[48;2;47;29;31mﬂ[38;2;107;53;35m[48;2;109;53;34mﬂ[38;2;148;11;47m[48;2;149;11;47mﬂ[38;2;106;64;37m[48;2;106;63;37mﬂ[38;2;153;87;56m[48;2;153;87;55mﬂ[38;2;100;19;36m[48;2;101;19;36mﬂ[38;2;54;20;32m[48;2;55;23;35mﬂ[38;2;33;23;34m[48;2;33;23;34mﬂ[0m
  [38;2;31;24;33m[48;2;31;24;33mﬂ[38;2;54;27;38m[48;2;51;22;34mﬂ[38;2;93;25;40m[48;2;89;23;37mﬂ[38;2;181;81;58m[48;2;179;81;56mﬂ[38;2;100;61;33m[48;2;101;60;33mﬂ[38;2;121;8;40m[48;2;111;6;42mﬂ[38;2;115;35;36m[48;2;104;30;35mﬂ[38;2;80;51;35m[48;2;80;51;36mﬂ[38;2;8;18;41m[48;2;7;18;41mﬂ[38;2;10;17;39m[48;2;7;19;41mﬂ[38;2;150;60;47m[48;2;8;18;40mﬂ[38;2;19;17;36m[48;2;10;20;43mﬂ[38;2;5;11;31m[48;2;43;33;32mﬂ[38;2;119;74;47m[48;2;108;73;47mﬂ[38;2;81;56;53m[48;2;74;49;40mﬂ[38;2;39;37;47m[48;2;60;42;37mﬂ[38;2;17;21;37m[48;2;30;27;34mﬂ[38;2;5;4;17m[48;2;9;11;26mﬂ[38;2;50;47;58m[48;2;48;43;54mﬂ[38;2;83;62;61m[48;2;36;37;51mﬂ[38;2;27;26;34m[48;2;21;23;34mﬂ[38;2;112;71;51m[48;2;99;64;49mﬂ[38;2;42;37;48m[48;2;28;30;43mﬂ[38;2;2;3;18m[48;2;1;3;14mﬂ[38;2;57;11;26m[48;2;76;17;26mﬂ[38;2;70;7;31m[48;2;144;22;31mﬂ[38;2;161;37;34m[48;2;203;66;33mﬂ[38;2;0;0;0m[48;2;0;0;0mﬂ[38;2;137;95;69m[48;2;138;95;70mﬂ[38;2;24;25;39m[48;2;25;28;43mﬂ[38;2;1;1;16m[48;2;2;3;17mﬂ[38;2;14;15;30m[48;2;15;12;24mﬂ[38;2;68;53;56m[48;2;43;37;46mﬂ[38;2;82;62;63m[48;2;45;40;49mﬂ[38;2;42;34;35m[48;2;36;29;34mﬂ[38;2;130;86;53m[48;2;122;86;62mﬂ[38;2;54;40;42m[48;2;71;56;59mﬂ[38;2;70;52;52m[48;2;43;41;56mﬂ[38;2;17;20;40m[48;2;18;23;40mﬂ[38;2;7;11;33m[48;2;9;10;24mﬂ[38;2;32;16;30m[48;2;29;17;25mﬂ[38;2;29;12;20m[48;2;27;13;23mﬂ[38;2;3;5;14m[48;2;8;11;24mﬂ[38;2;7;11;23m[48;2;8;10;22mﬂ[38;2;6;9;22m[48;2;17;22;39mﬂ[38;2;19;25;44m[48;2;11;15;30mﬂ[38;2;0;1;15m[48;2;0;0;0mﬂ[38;2;5;10;29m[48;2;10;16;33mﬂ[38;2;39;34;46m[48;2;27;33;49mﬂ[38;2;14;18;36m[48;2;15;20;38mﬂ[38;2;11;10;20m[48;2;13;9;22mﬂ[38;2;31;9;24m[48;2;35;9;24mﬂ[38;2;6;5;18m[48;2;27;12;28mﬂ[38;2;13;14;30m[48;2;16;20;34mﬂ[38;2;21;30;46m[48;2;9;13;21mﬂ[38;2;57;32;32m[48;2;27;15;20mﬂ[38;2;6;7;16m[48;2;6;8;19mﬂ[38;2;12;17;33m[48;2;10;14;30mﬂ[38;2;13;18;36m[48;2;15;18;35mﬂ[38;2;0;0;0m[48;2;5;6;18mﬂ[38;2;5;6;17m[48;2;8;10;21mﬂ[38;2;8;13;26m[48;2;14;18;30mﬂ[38;2;23;24;39m[48;2;30;28;39mﬂ[38;2;86;44;42m[48;2;56;32;35mﬂ[38;2;15;7;19m[48;2;54;26;26mﬂ[38;2;73;35;40m[48;2;7;16;37mﬂ[38;2;15;20;41m[48;2;8;19;40mﬂ[38;2;7;18;41m[48;2;7;18;40mﬂ[38;2;35;27;30m[48;2;36;28;30mﬂ[38;2;112;56;36m[48;2;105;52;34mﬂ[38;2;147;12;45m[48;2;125;6;44mﬂ[38;2;104;64;36m[48;2;103;64;37mﬂ[38;2;153;86;55m[48;2;152;86;55mﬂ[38;2;101;19;37m[48;2;103;21;38mﬂ[38;2;54;21;33m[48;2;54;22;33mﬂ[38;2;34;24;34m[48;2;34;24;33mﬂ[0m
  [38;2;33;26;35m[48;2;28;20;29mﬂ[38;2;53;23;34m[48;2;50;21;33mﬂ[38;2;90;22;37m[48;2;90;22;38mﬂ[38;2;179;80;56m[48;2;180;81;57mﬂ[38;2;101;60;33m[48;2;101;60;33mﬂ[38;2;110;7;42m[48;2;110;7;42mﬂ[38;2;105;31;36m[48;2;105;30;36mﬂ[38;2;80;52;36m[48;2;80;51;35mﬂ[38;2;8;18;42m[48;2;8;18;43mﬂ[38;2;7;17;42m[48;2;8;19;43mﬂ[38;2;8;18;43m[48;2;8;19;43mﬂ[38;2;9;20;43m[48;2;9;15;34mﬂ[38;2;76;54;38m[48;2;62;43;34mﬂ[38;2;117;81;63m[48;2;89;65;60mﬂ[38;2;51;42;49m[48;2;34;35;50mﬂ[38;2;22;26;38m[48;2;26;32;49mﬂ[38;2;5;6;15m[48;2;6;8;18mﬂ[38;2;0;0;0m[48;2;0;0;0mﬂ[38;2;23;28;44m[48;2;22;27;44mﬂ[38;2;56;49;59m[48;2;25;29;46mﬂ[38;2;8;7;22m[48;2;81;56;45mﬂ[38;2;56;35;30m[48;2;136;101;76mﬂ[38;2;19;18;26m[48;2;65;51;54mﬂ[38;2;0;0;0m[48;2;2;3;14mﬂ[38;2;78;18;23m[48;2;81;16;24mﬂ[38;2;153;42;30m[48;2;168;47;33mﬂ[38;2;218;144;39m[48;2;216;152;35mﬂ[38;2;0;0;0m[48;2;108;71;41mﬂ[38;2;56;36;35m[48;2;149;105;71mﬂ[38;2;21;23;35m[48;2;53;44;48mﬂ[38;2;9;12;28m[48;2;12;15;29mﬂ[38;2;9;12;25m[48;2;4;6;20mﬂ[38;2;23;27;41m[48;2;21;27;43mﬂ[38;2;33;30;40m[48;2;19;23;38mﬂ[38;2;67;43;29m[48;2;117;73;41mﬂ[38;2;107;69;42m[48;2;100;64;57mﬂ[38;2;104;67;42m[48;2;84;59;56mﬂ[38;2;95;64;41m[48;2;46;40;49mﬂ[38;2;55;40;36m[48;2;36;37;52mﬂ[38;2;16;17;27m[48;2;11;15;30mﬂ[38;2;16;16;26m[48;2;3;5;16mﬂ[38;2;40;19;28m[48;2;43;17;25mﬂ[38;2;0;0;14m[48;2;0;0;14mﬂ[38;2;7;11;27m[48;2;1;2;17mﬂ[38;2;6;9;25m[48;2;9;15;32mﬂ[38;2;9;15;33m[48;2;5;8;23mﬂ[38;2;0;0;0m[48;2;0;0;0mﬂ[38;2;16;18;27m[48;2;8;15;33mﬂ[38;2;50;34;33m[48;2;18;23;40mﬂ[38;2;57;35;33m[48;2;38;31;43mﬂ[38;2;24;12;22m[48;2;40;23;32mﬂ[38;2;45;9;31m[48;2;41;7;29mﬂ[38;2;26;11;23m[48;2;25;11;23mﬂ[38;2;13;16;26m[48;2;12;15;26mﬂ[38;2;44;39;49m[48;2;17;26;45mﬂ[38;2;66;41;46m[48;2;59;35;46mﬂ[38;2;16;11;25m[48;2;24;13;23mﬂ[38;2;7;8;24m[48;2;3;4;18mﬂ[38;2;9;11;25m[48;2;2;3;15mﬂ[38;2;0;0;0m[48;2;0;0;0mﬂ[38;2;0;0;0m[48;2;1;2;14mﬂ[38;2;2;3;16m[48;2;9;14;29mﬂ[38;2;20;26;44m[48;2;6;11;26mﬂ[38;2;30;25;39m[48;2;20;25;42mﬂ[38;2;93;42;36m[48;2;62;32;36mﬂ[38;2;7;13;32m[48;2;59;25;25mﬂ[38;2;9;19;42m[48;2;8;14;36mﬂ[38;2;8;19;43m[48;2;8;19;41mﬂ[38;2;36;27;29m[48;2;37;27;30mﬂ[38;2;104;51;32m[48;2;103;50;32mﬂ[38;2;125;7;44m[48;2;125;6;43mﬂ[38;2;104;62;37m[48;2;104;61;37mﬂ[38;2;153;86;55m[48;2;152;85;55mﬂ[38;2;105;20;38m[48;2;105;19;38mﬂ[38;2;57;24;36m[48;2;55;23;35mﬂ[38;2;34;26;35m[48;2;31;22;31mﬂ[0m
  [38;2;28;18;27m[48;2;26;15;25mﬂ[38;2;46;16;28m[48;2;48;17;29mﬂ[38;2;88;21;37m[48;2;88;18;35mﬂ[38;2;180;82;57m[48;2;180;82;57mﬂ[38;2;100;60;33m[48;2;100;60;32mﬂ[38;2;107;6;41m[48;2;100;7;39mﬂ[38;2;104;30;35m[48;2;101;29;34mﬂ[38;2;79;50;36m[48;2;79;50;36mﬂ[38;2;9;18;44m[48;2;9;18;44mﬂ[38;2;8;18;44m[48;2;9;19;44mﬂ[38;2;8;15;33m[48;2;8;10;23mﬂ[38;2;130;84;50m[48;2;157;102;68mﬂ[38;2;71;48;40m[48;2;37;35;47mﬂ[38;2;75;57;61m[48;2;20;16;24mﬂ[38;2;16;18;33m[48;2;124;78;59mﬂ[38;2;20;14;26m[48;2;74;55;58mﬂ[38;2;14;16;31m[48;2;19;23;40mﬂ[38;2;0;0;0m[48;2;0;0;0mﬂ[38;2;0;0;0m[48;2;73;51;45mﬂ[38;2;46;33;35m[48;2;26;25;32mﬂ[38;2;45;30;34m[48;2;0;0;0mﬂ[38;2;57;48;56m[48;2;69;42;30mﬂ[38;2;18;18;33m[48;2;173;106;61mﬂ[38;2;20;13;18m[48;2;169;101;60mﬂ[38;2;127;54;31m[48;2;157;92;56mﬂ[38;2;199;110;44m[48;2;125;78;53mﬂ[38;2;199;132;42m[48;2;61;40;36mﬂ[38;2;60;38;33m[48;2;32;18;16mﬂ[38;2;55;47;57m[48;2;54;34;35mﬂ[38;2;21;24;39m[48;2;8;9;25mﬂ[38;2;0;0;0m[48;2;85;50;39mﬂ[38;2;49;30;27m[48;2;97;66;58mﬂ[38;2;25;19;29m[48;2;15;17;29mﬂ[38;2;0;0;0m[48;2;56;35;28mﬂ[38;2;88;56;39m[48;2;79;51;37mﬂ[38;2;54;42;48m[48;2;38;33;43mﬂ[38;2;48;43;54m[48;2;31;34;49mﬂ[38;2;51;46;60m[48;2;24;26;41mﬂ[38;2;25;32;52m[48;2;45;33;36mﬂ[38;2;8;13;31m[48;2;61;40;37mﬂ[38;2;0;0;0m[48;2;8;7;19mﬂ[38;2;37;17;27m[48;2;5;4;17mﬂ[38;2;0;0;14m[48;2;18;23;39mﬂ[38;2;0;0;14m[48;2;0;0;0mﬂ[38;2;0;0;0m[48;2;11;14;27mﬂ[38;2;16;12;19m[48;2;18;25;43mﬂ[38;2;22;14;17m[48;2;75;55;56mﬂ[38;2;8;11;22m[48;2;58;37;38mﬂ[38;2;19;27;46m[48;2;16;18;32mﬂ[38;2;31;31;47m[48;2;10;15;29mﬂ[38;2;31;20;31m[48;2;12;11;22mﬂ[38;2;21;5;20m[48;2;33;24;29mﬂ[38;2;16;8;19m[48;2;34;24;30mﬂ[38;2;12;15;30m[48;2;34;24;31mﬂ[38;2;24;31;51m[48;2;1;0;14mﬂ[38;2;69;46;57m[48;2;8;7;23mﬂ[38;2;24;13;24m[48;2;10;10;24mﬂ[38;2;0;0;0m[48;2;0;0;0mﬂ[38;2;0;0;0m[48;2;26;31;47mﬂ[38;2;0;0;0m[48;2;16;20;34mﬂ[38;2;7;9;23m[48;2;0;0;0mﬂ[38;2;5;6;18m[48;2;26;21;34mﬂ[38;2;10;11;25m[48;2;74;48;52mﬂ[38;2;0;0;0m[48;2;43;23;25mﬂ[38;2;17;20;37m[48;2;6;7;20mﬂ[38;2;78;41;45m[48;2;17;21;37mﬂ[38;2;38;19;24m[48;2;94;37;28mﬂ[38;2;9;19;43m[48;2;8;16;38mﬂ[38;2;36;27;31m[48;2;37;27;30mﬂ[38;2;103;50;32m[48;2;103;50;32mﬂ[38;2;125;6;43m[48;2;120;6;43mﬂ[38;2;103;61;36m[48;2;102;61;36mﬂ[38;2;153;87;55m[48;2;153;87;55mﬂ[38;2;103;19;38m[48;2;103;18;37mﬂ[38;2;54;22;34m[48;2;51;18;30mﬂ[38;2;28;20;29m[48;2;29;20;29mﬂ[0m
  [38;2;22;12;21m[48;2;29;18;28mﬂ[38;2;46;15;26m[48;2;51;18;29mﬂ[38;2;89;19;35m[48;2;87;18;34mﬂ[38;2;179;81;57m[48;2;174;80;59mﬂ[38;2;98;59;32m[48;2;96;58;32mﬂ[38;2;91;6;38m[48;2;90;6;39mﬂ[38;2;96;27;32m[48;2;97;27;32mﬂ[38;2;79;50;35m[48;2;80;50;35mﬂ[38;2;9;18;43m[48;2;9;17;38mﬂ[38;2;9;20;43m[48;2;41;30;32mﬂ[38;2;38;24;28m[48;2;81;58;52mﬂ[38;2;67;51;54m[48;2;12;15;30mﬂ[38;2;13;17;32m[48;2;26;24;33mﬂ[38;2;54;36;35m[48;2;63;49;54mﬂ[38;2;66;48;51m[48;2;11;14;27mﬂ[38;2;21;24;41m[48;2;0;0;0mﬂ[38;2;10;10;25m[48;2;14;9;18mﬂ[38;2;41;36;46m[48;2;88;56;38mﬂ[38;2;21;17;24m[48;2;116;74;48mﬂ[38;2;78;50;34m[48;2;108;66;53mﬂ[38;2;146;95;59m[48;2;101;65;56mﬂ[38;2;96;62;48m[48;2;105;69;46mﬂ[38;2;95;62;51m[48;2;62;49;51mﬂ[38;2;97;66;59m[48;2;42;37;47mﬂ[38;2;50;45;55m[48;2;8;9;23mﬂ[38;2;20;21;36m[48;2;0;0;14mﬂ[38;2;0;0;0m[48;2;6;5;17mﬂ[38;2;65;44;41m[48;2;29;25;35mﬂ[38;2;47;37;42m[48;2;0;0;0mﬂ[38;2;27;18;22m[48;2;34;35;47mﬂ[38;2;80;56;51m[48;2;19;21;35mﬂ[38;2;20;21;37m[48;2;17;15;25mﬂ[38;2;70;47;36m[48;2;72;56;58mﬂ[38;2;107;70;56m[48;2;49;44;54mﬂ[38;2;69;55;55m[48;2;7;10;24mﬂ[38;2;13;17;29m[48;2;19;15;21mﬂ[38;2;17;18;27m[48;2;101;69;55mﬂ[38;2;84;55;41m[48;2;52;43;49mﬂ[38;2;143;94;64m[48;2;36;40;54mﬂ[38;2;47;41;49m[48;2;56;46;51mﬂ[38;2;6;6;21m[48;2;26;21;28mﬂ[38;2;0;0;0m[48;2;0;0;0mﬂ[38;2;12;15;28m[48;2;0;0;0mﬂ[38;2;15;19;31m[48;2;9;12;26mﬂ[38;2;0;0;0m[48;2;4;5;17mﬂ[38;2;5;8;22m[48;2;0;0;0mﬂ[38;2;24;33;52m[48;2;3;4;19mﬂ[38;2;43;35;48m[48;2;8;11;26mﬂ[38;2;51;41;49m[48;2;14;23;39mﬂ[38;2;13;13;22m[48;2;18;27;46mﬂ[38;2;0;0;0m[48;2;8;10;24mﬂ[38;2;11;12;24m[48;2;0;0;0mﬂ[38;2;40;34;45m[48;2;3;3;16mﬂ[38;2;54;42;50m[48;2;20;23;38mﬂ[38;2;53;42;50m[48;2;60;47;54mﬂ[38;2;38;33;44m[48;2;32;31;42mﬂ[38;2;10;11;20m[48;2;18;20;31mﬂ[38;2;13;17;28m[48;2;5;6;19mﬂ[38;2;5;7;20m[48;2;3;4;19mﬂ[38;2;25;30;49m[48;2;5;6;21mﬂ[38;2;16;20;36m[48;2;18;24;40mﬂ[38;2;0;0;0m[48;2;0;0;0mﬂ[38;2;9;10;22m[48;2;0;0;0mﬂ[38;2;62;43;50m[48;2;14;15;29mﬂ[38;2;0;0;0m[48;2;59;31;32mﬂ[38;2;13;17;35m[48;2;2;2;14mﬂ[38;2;67;30;32m[48;2;37;25;37mﬂ[38;2;7;14;34m[48;2;53;28;30mﬂ[38;2;37;28;30m[48;2;33;23;23mﬂ[38;2;102;50;32m[48;2;100;49;32mﬂ[38;2;113;6;42m[48;2;114;7;44mﬂ[38;2;101;60;35m[48;2;103;61;36mﬂ[38;2;152;86;55m[48;2;150;84;54mﬂ[38;2;100;17;35m[48;2;95;16;34mﬂ[38;2;55;21;33m[48;2;56;22;34mﬂ[38;2;28;20;28m[48;2;34;23;33mﬂ[0m
  [38;2;30;16;25m[48;2;34;18;27mﬂ[38;2;53;17;28m[48;2;56;16;28mﬂ[38;2;95;17;35m[48;2;170;54;51mﬂ[38;2;174;84;57m[48;2;132;102;61mﬂ[38;2;102;61;32m[48;2;43;23;17mﬂ[38;2;73;28;26m[48;2;100;62;39mﬂ[38;2;64;23;23m[48;2;52;33;21mﬂ[38;2;77;47;31m[48;2;49;29;24mﬂ[38;2;33;24;30m[48;2;22;4;18mﬂ[38;2;59;44;45m[48;2;38;20;39mﬂ[38;2;17;20;32m[48;2;23;2;16mﬂ[38;2;23;26;40m[48;2;22;1;15mﬂ[38;2;19;20;35m[48;2;23;0;16mﬂ[38;2;5;5;19m[48;2;27;1;14mﬂ[38;2;13;8;16m[48;2;89;44;43mﬂ[38;2;75;49;37m[48;2;85;42;43mﬂ[38;2;92;58;37m[48;2;62;34;36mﬂ[38;2;53;37;34m[48;2;162;122;72mﬂ[38;2;49;34;35m[48;2;164;124;80mﬂ[38;2;53;34;31m[48;2;165;125;83mﬂ[38;2;40;28;29m[48;2;162;122;78mﬂ[38;2;31;21;24m[48;2;164;123;79mﬂ[38;2;0;0;0m[48;2;166;125;81mﬂ[38;2;0;0;0m[48;2;165;125;79mﬂ[38;2;0;0;0m[48;2;164;123;78mﬂ[38;2;0;0;0m[48;2;164;123;77mﬂ[38;2;0;0;0m[48;2;163;123;76mﬂﬂ[38;2;0;0;0m[48;2;165;126;81mﬂ[38;2;14;14;21m[48;2;164;125;81mﬂ[38;2;0;0;0m[48;2;163;124;77mﬂ[38;2;22;19;27m[48;2;165;126;80mﬂ[38;2;27;22;25m[48;2;164;126;78mﬂ[38;2;7;6;14m[48;2;163;125;76mﬂ[38;2;0;0;0m[48;2;162;124;76mﬂ[38;2;42;26;24m[48;2;164;126;80mﬂ[38;2;25;21;29m[48;2;164;128;84mﬂ[38;2;16;17;26m[48;2;164;126;82mﬂ[38;2;12;14;24m[48;2;162;122;76mﬂ[38;2;11;7;14m[48;2;162;123;78mﬂ[38;2;0;0;0m[48;2;164;123;81mﬂ[38;2;0;0;0m[48;2;164;123;80mﬂ[38;2;0;0;0m[48;2;165;124;81mﬂ[38;2;0;0;0m[48;2;166;126;81mﬂ[38;2;0;0;0m[48;2;165;125;80mﬂﬂ[38;2;0;0;0m[48;2;164;124;80mﬂ[38;2;0;0;0m[48;2;163;122;78mﬂ[38;2;7;7;14m[48;2;164;123;80mﬂ[38;2;14;16;27m[48;2;164;123;80mﬂ[38;2;7;7;16m[48;2;165;124;80mﬂ[38;2;0;0;0m[48;2;165;123;80mﬂ[38;2;0;0;0m[48;2;164;122;79mﬂ[38;2;0;0;0m[48;2;163;123;76mﬂ[38;2;6;5;14m[48;2;162;122;74mﬂ[38;2;27;21;26m[48;2;163;122;75mﬂ[38;2;18;13;19m[48;2;165;123;79mﬂ[38;2;0;0;0m[48;2;165;123;82mﬂ[38;2;0;0;0m[48;2;163;120;75mﬂ[38;2;0;0;0m[48;2;72;45;37mﬂ[38;2;5;7;15m[48;2;22;1;15mﬂ[38;2;17;21;35m[48;2;32;13;30mﬂ[38;2;0;0;0m[48;2;22;1;17mﬂ[38;2;2;2;14m[48;2;23;1;16mﬂ[38;2;58;38;44m[48;2;31;11;27mﬂ[38;2;16;10;15m[48;2;23;1;15mﬂ[38;2;9;12;28m[48;2;27;8;24mﬂ[38;2;21;18;29m[48;2;21;5;22mﬂ[38;2;31;20;19m[48;2;20;13;17mﬂ[38;2;84;47;29m[48;2;58;37;25mﬂ[38;2;63;17;22m[48;2;105;65;40mﬂ[38;2;144;89;51m[48;2;41;22;17mﬂ[38;2;146;89;51m[48;2;77;64;37mﬂ[38;2;106;15;33m[48;2;185;68;52mﬂ[38;2;60;20;33m[48;2;59;15;27mﬂ[38;2;30;15;25m[48;2;35;18;28mﬂ[0m
  [38;2;34;15;25m[48;2;15;13;21mﬂ[38;2;64;15;28m[48;2;19;12;21mﬂ[38;2;206;98;72m[48;2;192;95;65mﬂ[38;2;139;104;61m[48;2;142;105;63mﬂ[38;2;139;85;42m[48;2;70;8;26mﬂ[38;2;115;71;35m[48;2;187;69;61mﬂ[38;2;126;80;40m[48;2;208;111;57mﬂ[38;2;126;84;45m[48;2;119;51;39mﬂ[38;2;106;16;42m[48;2;132;33;49mﬂ[38;2;107;4;43m[48;2;110;4;45mﬂﬂﬂﬂﬂ[38;2;255;215;85m[48;2;110;4;42m               SYSOP: DEREK BIRD                [38;2;107;4;43m[48;2;110;4;45mﬂﬂﬂﬂﬂ[38;2;105;16;42m[48;2;130;29;48mﬂ[38;2;118;76;42m[48;2;136;66;43mﬂ[38;2;124;80;42m[48;2;192;97;51mﬂ[38;2;118;74;37m[48;2;188;85;64mﬂ[38;2;129;77;41m[48;2;96;12;32mﬂ[38;2;128;82;46m[48;2;93;58;35mﬂ[38;2;216;108;69m[48;2;215;105;66mﬂ[38;2;75;17;33m[48;2;21;12;21mﬂ[38;2;37;16;27m[48;2;14;12;20mﬂ[0m
  [38;2;9;13;19m[48;2;7;11;18mﬂ[38;2;8;11;18m[48;2;8;11;16mﬂ[38;2;189;95;65m[48;2;187;94;63mﬂ[38;2;134;99;60m[48;2;138;100;59mﬂ[38;2;89;15;31m[48;2;73;26;20mﬂ[38;2;163;11;56m[48;2;75;13;27mﬂ[38;2;199;33;55m[48;2;88;9;29mﬂ[38;2;89;6;28m[48;2;89;6;28mﬂ[38;2;124;22;43m[48;2;120;24;43mﬂ[38;2;110;4;44m[48;2;103;3;41mﬂﬂﬂﬂﬂﬂﬂﬂﬂ[38;2;142;41;40m[48;2;94;3;37mﬂ[38;2;195;108;37m[48;2;90;3;35mﬂ[38;2;127;36;38m[48;2;103;3;41mﬂ[38;2;169;76;39m[48;2;100;3;40mﬂ[38;2;128;43;34m[48;2;98;3;39mﬂ[38;2;132;27;42m[48;2;97;3;39mﬂ[38;2;163;68;39m[48;2;90;3;35mﬂ[38;2;191;102;37m[48;2;100;3;40mﬂ[38;2;196;112;32m[48;2;98;3;39mﬂ[38;2;180;86;38m[48;2;92;3;36mﬂ[38;2;189;102;36m[48;2;100;3;40mﬂ[38;2;149;65;37m[48;2;98;3;39mﬂ[38;2;121;18;44m[48;2;103;3;41mﬂ[38;2;153;62;36m[48;2;103;3;41mﬂ[38;2;110;4;44m[48;2;103;3;41mﬂ[38;2;163;69;39m[48;2;100;3;40mﬂ[38;2;147;58;34m[48;2;90;3;35mﬂ[38;2;154;74;31m[48;2;101;3;41mﬂ[38;2;193;107;36m[48;2;95;3;37mﬂ[38;2;122;31;35m[48;2;90;2;35mﬂ[38;2;140;41;40m[48;2;95;3;37mﬂ[38;2;169;90;34m[48;2;95;3;38mﬂ[38;2;196;108;35m[48;2;95;3;38mﬂ[38;2;154;68;34m[48;2;95;3;38mﬂ[38;2;114;31;31m[48;2;90;2;35mﬂ[38;2;123;21;42m[48;2;94;3;37mﬂ[38;2;169;90;33m[48;2;96;3;37mﬂ[38;2;163;74;35m[48;2;100;3;40mﬂ[38;2;109;9;41m[48;2;98;3;39mﬂ[38;2;110;4;44m[48;2;103;3;41mﬂ[38;2;174;87;35m[48;2;95;3;37mﬂ[38;2;181;88;39m[48;2;90;3;35mﬂ[38;2;153;69;34m[48;2;100;3;39mﬂ[38;2;201;113;35m[48;2;92;3;36mﬂ[38;2;107;15;36m[48;2;95;3;38mﬂ[38;2;197;109;35m[48;2;95;3;38mﬂ[38;2;180;91;38m[48;2;100;3;40mﬂ[38;2;147;60;34m[48;2;96;3;38mﬂ[38;2;169;85;32m[48;2;89;3;35mﬂ[38;2;157;79;31m[48;2;98;3;39mﬂ[38;2;110;4;44m[48;2;103;3;41mﬂﬂﬂﬂﬂﬂﬂﬂﬂ[38;2;125;22;43m[48;2;121;26;45mﬂ[38;2;109;24;31m[48;2;112;28;33mﬂ[38;2;173;24;48m[48;2;92;8;29mﬂ[38;2;178;13;57m[48;2;66;8;25mﬂ[38;2;108;18;33m[48;2;95;34;26mﬂ[38;2;87;55;36m[48;2;94;57;37mﬂ[38;2;215;103;64m[48;2;215;104;64mﬂ[38;2;8;12;18m[48;2;7;10;16mﬂ[38;2;9;12;19m[48;2;8;11;17mﬂ[0m
  [38;2;7;10;16m[48;2;11;10;16mﬂ[38;2;7;9;16m[48;2;17;10;17mﬂ[38;2;132;61;41m[48;2;138;56;46mﬂ[38;2;92;62;38m[48;2;188;85;60mﬂ[38;2;91;52;31m[48;2;189;85;60mﬂ[38;2;84;48;28m[48;2;191;84;61mﬂ[38;2;86;50;30m[48;2;191;84;61mﬂ[38;2;104;52;37m[48;2;190;84;60mﬂ[38;2;123;88;49m[48;2;191;84;61mﬂ[38;2;115;82;47m[48;2;191;85;60mﬂ[38;2;115;82;47m[48;2;191;84;61mﬂﬂﬂﬂﬂﬂ[38;2;115;82;47m[48;2;191;85;61mﬂ[38;2;115;82;47m[48;2;191;84;61mﬂ[38;2;115;82;47m[48;2;191;84;60mﬂ[38;2;115;82;47m[48;2;191;84;61mﬂﬂﬂﬂﬂ[38;2;115;82;47m[48;2;191;85;61mﬂ[38;2;115;82;47m[48;2;191;85;60mﬂ[38;2;115;82;47m[48;2;191;84;61mﬂ[38;2;115;82;47m[48;2;191;85;61mﬂ[38;2;115;82;47m[48;2;191;84;61mﬂﬂﬂﬂ[38;2;115;82;47m[48;2;190;84;61mﬂ[38;2;115;82;47m[48;2;191;84;61mﬂ[38;2;115;82;47m[48;2;191;85;61mﬂ[38;2;115;82;47m[48;2;190;84;61mﬂ[38;2;115;82;47m[48;2;191;85;61mﬂ[38;2;115;82;47m[48;2;191;84;61mﬂﬂﬂﬂ[38;2;115;82;47m[48;2;190;84;61mﬂ[38;2;115;82;47m[48;2;191;85;62mﬂ[38;2;115;82;47m[48;2;191;84;60mﬂ[38;2;115;82;47m[48;2;191;84;61mﬂ[38;2;115;82;47m[48;2;191;85;61mﬂ[38;2;115;82;47m[48;2;191;84;61mﬂﬂﬂﬂﬂ[38;2;115;82;47m[48;2;190;84;61mﬂ[38;2;115;82;47m[48;2;191;85;61mﬂ[38;2;115;82;47m[48;2;191;84;61mﬂﬂ[38;2;115;82;47m[48;2;191;85;61mﬂ[38;2;115;82;47m[48;2;191;84;61mﬂﬂﬂ[38;2;115;82;47m[48;2;190;84;61mﬂ[38;2;115;82;47m[48;2;191;85;62mﬂ[38;2;115;82;47m[48;2;191;85;60mﬂ[38;2;115;82;47m[48;2;191;84;61mﬂﬂ[38;2;115;82;47m[48;2;191;84;60mﬂ[38;2;115;82;47m[48;2;191;84;61mﬂﬂ[38;2;122;87;50m[48;2;191;84;61mﬂ[38;2;114;65;41m[48;2;190;84;61mﬂ[38;2;91;52;32m[48;2;190;84;60mﬂ[38;2;86;50;29m[48;2;191;85;61mﬂ[38;2;90;53;31m[48;2;189;84;60mﬂ[38;2;80;47;29m[48;2;188;83;60mﬂ[38;2;164;69;47m[48;2;152;58;48mﬂ[38;2;7;10;16m[48;2;19;11;19mﬂ[38;2;8;11;17m[48;2;11;9;16mﬂ[0m[0m
